-40
70
37
-84
-68
-81
-27
105
100
82
-92
46
-79
87
-59
-82
-48
51
36
24
123
126
20
94
37
-53
-115
-81
62
-68
-5
-33
96
102
-28
40
-48
-113
18
11
-112
55
35
104
46
-26
-80
69
-22
61
66
-105
-81
-5
25
28
92
114
16
57
43
14
104
54
-8
125
87
95
17
122
87
3
-63
-124
-40
41
113
-89
-83
-107
125
-110
112
89
-46
70
-89
57
-22
47
62
101
23
-108
1
104
-61
121
-38
119
56
-71
-6
61
87
101
121
-14
-5
62
-40
84
-1
-106
96
-25
106
-67
-103
82
-27
74
8
19
-120
100
12
-89
-34
3
-95
-44
124
-5
17
6
-111
19
88
-118
49
-109
75
53
-103
-12
-7
6
82
-70
-15
109
11
-97
52
116
-75
112
27
20
-17
-115
95
44
57
-116
45
38
14
-52
-33
19
8
-41
-71
-31
-48
-80
-29
-20
72
-73
106
24
89
-100
-5
38
41
-122
-93
-23
-61
107
-27
-79
123
91
-30
-8
-118
-3
49
43
-115
-74
-8
19
24
60
44
63
-110
98
24
-126
-97
111
-104
70
90
101
-116
120
-38
-3
-91
12
-94
30
92
123
79
88
-52
-7
120
91
-81
-58
109
-98
-34
63
-122
-68
-12
-122
20
26
-27
-116
58
-15
-43
88
14
-88
87
-107
-21
95
11
123
-15
-17
15
69
-32
-104
-37
45
-20
108
-118
-40
52
30
121
-40
0
126
-9
90
-44
40
37
111
33
7
-102
76
24
-102
38
-103
-56
61
-28
-98
-84
-21
112
-23
95
9
-17
-78
-7
105
70
14
60
-126
-84
-23
-32
85
103
19
88
-2
111
15
2
78
78
95
-101
84
72
90
73
-88
-9
7
-18
-98
-114
83
11
15
-87
-63
-31
27
73
67
97
28
93
24
21
-56
-7
-101
44
38
36
114
45
-29
-15
-49
57
6
15
46
-103
59
57
59
32
43
53
-107
-55
122
23
120
60
-111
57
-11
104
21
-20
-86
95
-2
-33
-112
-26
83
-38
69
-87
63
34
-85
-26
-1
-64
-17
-1
-91
106
100
59
18
-15
-89
-53
78
56
-48
-76
42
67
16
69
0
-27
-82
78
-21
-29
47
1
-92
-21
-125
114
19
106
20
21
52
65
81
122
-74
-33
13
116
-97
57
-98
50
-18
-49
-42
-4
-54
99
23
-59
-48
100
47
-107
-86
15
-99
-113
-32
-80
-109
22
-106
-59
-40
94
-83
-79
56
79
120
82
54
-90
0
-60
64
-81
107
-19
-122
0
49
-48
52
28
24
-65
-53
-58
12
-75
-97
-112
-123
-86
-21
-22
-45
-106
6
-83
-78
110
112
-39
-33
97
-2
44
-99
0
43
-73
94
53
-105
102
17
65
-21
-114
-86
-14
-36
122
-24
-22
10
-27
-86
-77
-56
-76
-1
-30
53
69
-16
-121
44
-116
-72
-71
-32
40
-43
-12
36
-28
46
-99
-8
-52
60
-52
111
-27
-30
90
95
116
113
-68
85
0
31
-4
-102
-83
-95
58
125
-84
-23
76
33
-56
91
59
73
58
-104
23
37
118
-31
33
28
113
-23
71
-44
-73
71
-117
45
51
-19
-83
-12
-94
120
94
74
-29
58
-67
65
-64
35
-74
25
-18
22
-21
-6
48
84
-15
84
10
-30
2
28
78
48
-72
-123
-110
109
17
-5
47
62
48
-87
-117
-79
86
111
-105
-41
15
109
-26
59
-60
94
-44
32
-30
88
96
51
-122
-22
12
62
48
92
-109
-3
21
-38
108
-3
-19
-124
-102
91
96
-41
-58
-79
-97
0
17
106
104
-59
19
-93
-22
74
-104
-27
0
-23
118
-93
-42
-86
124
75
0
67
17
39
97
-70
61
121
-91
-78
76
-101
-17
121
-2
-11
78
43
19
38
-36
70
-51
-83
120
-23
109
-62
6
86
8
-109
21
-105
16
-79
-110
47
114
-118
8
102
78
63
95
-104
101
49
46
75
-2
8
2
126
-67
17
101
-17
-67
83
71
112
-28
-110
41
-27
48
30
54
-23
-100
91
47
-93
-88
43
-65
52
-41
-100
-98
-93
-101
-60
-66
78
82
-126
57
76
-77
122
-45
49
86
-68
58
24
-92
-88
115
30
18
59
9
98
125
-38
-44
110
60
-34
-89
-116
-24
11
15
85
74
94
5
-64
-68
-43
43
27
-35
64
7
10
-100
66
89
91
-46
-10
108
33
-20
-48
8
-69
-123
-9
98
91
-72
-25
62
-113
-69
42
13
120
-5
-105
-62
20
-73
47
-85
-106
-24
-50
-118
-109
-7
-7
-76
-35
-123
-69
-8
-15
41
72
-108
123
58
-58
104
99
-74
-115
96
74
-32
-88
126
120
-122
-117
43
-81
-116
16
-62
45
112
109
70
51
-12
126
2
118
-39
-72
48
119
-85
-101
29
-46
-32
111
114
-79
-66
-75
102
58
-30
86
31
126
80
-20
-123
57
-124
78
72
-121
-98
90
-14
79
-1
-69
14
29
-49
-18
-14
111
9
33
-76
-23
99
74
42
-16
-11
-58
59
-124
106
92
-90
106
105
123
28
-2
37
-13
-122
47
99
120
105
-106
-93
0
28
-100
-60
94
33
22
-68
-14
-63
-13
14
60
-16
-109
2
-90
-27
62
-14
-38
7
-74
23
112
14
-102
-53
-28
-117
112
-25
-41
15
118
-9
115
-18
77
82
60
-3
115
66
118
-7
3
-42
86
-120
17
9
94
-58
-57
116
-99
14
-10
119
-59
76
-44
-68
88
8
29
-126
81
5
-73
4
-23
43
-100
-7
-100
1
-58
-51
117
-18
56
96
58
32
100
81
-21
-60
-86
-34
-32
-51
120
55
105
-78
-90
-55
-90
-71
-105
-122
-15
-86
-109
-119
78
52
108
-109
-116
46
21
-3
-31
-113
-6
103
-90
-57
45
33
8
-21
-36
1
-2
-78
65
84
-18
65
119
-4
-85
115
-87
-45
-41
-40
88
45
-70
-82
50
-49
36
-64
50
-73
-13
-88
45
-59
54
-12
61
-25
48
74
89
105
-99
111
60
-96
-40
-50
99
-39
36
-34
-64
-103
-35
-82
89
77
83
60
35
16
-9
121
-106
44
-92
44
-45
111
98
-16
-95
-99
33
49
46
74
-58
-54
-95
81
-3
-120
-50
83
-96
-13
-83
18
78
0
90
-65
-21
123
-82
74
-38
115
-56
-123
76
-38
40
103
14
46
33
23
91
-20
-99
72
-1
-11
-68
10
-113
84
-71
102
-99
11
-9
15
49
-95
52
39
-38
-44
99
-15
24
-92
-121
-49
39
100
-119
-13
64
-65
25
-83
-55
-64
-26
29
53
87
-106
-24
-126
-2
-63
-12
115
42
120
125
36
26
33
15
120
-32
-39
-22
123
-65
-118
52
-26
106
119
-20
9
-108
-27
64
56
-60
-7
17
31
-82
67
-106
-75
78
106
89
-33
116
-65
88
-57
-78
-16
-122
-122
-90
24
60
-93
81
-60
-110
-97
-59
-88
21
102
59
80
-26
-118
-61
-24
-18
103
-62
-67
-87
-32
8
90
-5
14
99
94
-72
48
-94
20
7
-45
-96
-46
-45
-94
-22
-123
-65
-42
-36
-37
116
-41
73
2
95
-107
75
-19
-47
-49
-125
-110
113
50
6
-109
117
8
-17
85
-58
-26
-24
87
49
-115
112
89
117
-10
-57
-72
-123
64
83
-9
80
-35
113
110
79
57
-72
-120
34
-2
-5
-22
53
63
18
-49
114
125
-67
11
13
71
61
-91
49
-77
-56
11
23
61
-124
73
-64
-92
-1
-68
79
-79
58
13
-15
59
-104
-47
120
-48
118
-100
115
-122
71
-83
62
74
56
-114
41
126
-29
16
22
-111
-82
-70
-42
29
-97
96
61
-44
-10
-72
-43
-44
-72
-42
108
-116
2
32
40
64
-30
35
-82
-81
-17
15
124
121
-10
46
-34
97
107
84
-114
109
117
44
97
116
-66
-20
118
-35
90
-61
-125
59
-83
33
-123
113
-89
-95
-24
65
35
11
-57
124
68
24
-44
98
-64
-101
60
-70
-60
50
119
-78
-20
3
-52
-71
55
-76
0
-69
24
-39
-88
104
17
-90
-65
-81
110
88
-78
53
30
-36
9
-38
-106
-123
53
61
103
-18
73
-3
-6
96
-99
40
84
48
-91
0
46
10
118
28
-103
42
-39
126
-46
-24
-107
65
104
-1
-50
-71
113
-85
89
112
-114
84
67
68
20
-120
48
107
-94
69
49
67
-76
38
58
66
56
-79
76
74
74
-46
9
68
64
-103
64
-62
0
84
-75
18
49
-7
13
10
-70
44
-33
80
-114
-101
16
20
-37
86
39
107
27
86
59
-65
118
115
-119
-2
-112
98
-9
-108
-88
-101
14
69
-52
16
36
108
70
91
-95
78
-97
-121
-28
104
-25
-98
3
21
39
-8
100
-72
35
-113
-11
97
-95
-33
-123
-57
38
108
-111
-84
-41
-98
110
81
-98
-118
-79
-95
14
44
26
-62
-66
-22
-71
-57
-102
62
-63
95
-27
73
68
-72
-65
91
30
3
49
-63
74
114
115
122
-35
112
-83
-91
31
85
94
-102
-106
52
125
49
-19
33
-102
-62
18
72
-77
100
13
-90
-55
30
48
29
-3
-108
-31
124
0
124
-14
112
23
55
110
120
-14
-52
47
-106
30
-116
-99
7
-38
18
-115
119
122
63
31
82
-56
110
-10
37
-31
18
13
108
-87
-124
107
1
-57
126
38
21
-96
-35
101
122
-2
60
-80
-92
41
-28
90
-118
-59
-11
31
125
-116
-72
8
-120
-22
-80
74
-65
0
-113
-43
-16
120
124
106
92
80
10
-31
105
124
-28
-107
-117
16
17
71
-63
54
114
25
-110
60
-104
8
29
116
45
98
-28
-88
-29
21
60
107
19
-101
-69
-99
-34
20
-34
-98
121
-43
-47
96
-54
72
36
64
-102
33
-69
0
-4
39
77
-53
-51
6
87
-48
22
23
61
-26
29
-32
-24
79
51
-39
103
-113
126
-78
32
-40
-108
27
-100
-86
66
-28
7
125
61
-57
29
-83
76
104
-63
-32
45
84
-85
-48
-119
-49
10
26
94
-3
-56
76
6
-74
-38
-83
112
-30
-8
37
111
61
125
-117
50
10
72
-10
25
-41
-10
9
-78
119
-69
83
99
-7
-52
22
62
-28
-1
58
-47
82
27
46
-5
-81
26
-7
79
-36
45
-81
69
120
94
51
81
73
41
-29
-56
-21
59
114
6
-120
106
103
83
25
108
-76
98
119
-20
92
106
40
6
-122
94
-54
76
-50
-107
-115
-39
56
-22
10
-8
-9
73
114
-82
-102
26
-47
-36
-42
-36
-19
-23
-89
37
40
67
124
-60
32
-7
-26
125
15
79
-74
0
74
41
-73
-66
63
126
102
-27
-47
79
53
-67
-12
-39
89
-27
5
-46
45
114
18
45
-79
-37
36
-125
-118
11
72
2
-72
74
-26
-25
-42
-81
-119
123
-126
33
69
72
89
-111
110
0
-59
103
-2
44
40
-73
45
-34
-110
120
25
-100
-59
-9
60
-101
66
47
69
-50
-47
-74
-108
92
78
-112
65
-80
73
-38
-73
-21
72
102
-6
-65
-46
123
72
-61
-58
114
-40
-60
113
-34
114
-42
123
117
-79
-22
-120
0
-68
91
58
-52
-22
-85
23
-106
-50
63
30
-7
62
26
82
-104
-81
-89
-98
-67
-69
17
-124
32
-48
14
-46
13
81
-90
23
2
-101
-103
-96
-92
-70
-117
57
-111
-33
-42
21
105
-50
-54
102
40
-80
-60
-91
-126
64
80
-101
0
39
86
-104
37
-28
-28
122
-104
-91
41
94
41
22
-37
37
124
-46
-66
42
81
-9
79
-21
-59
67
-38
60
61
-93
22
-92
-85
-31
-114
-98
67
52
22
24
15
-67
63
-122
-48
-18
126
-25
20
-23
100
39
-83
-9
83
113
-124
-91
72
58
-36
97
-36
108
95
121
115
-56
93
-44
93
91
79
-47
50
-49
118
68
-52
-77
33
80
-80
51
-19
-116
-78
-20
25
-38
41
115
-61
-14
16
62
-124
56
-49
-85
-15
-106
-106
84
-22
108
-95
81
-106
-39
-103
-121
-94
-61
3
109
29
-117
-116
41
-7
89
100
95
-12
58
60
113
-79
-84
114
23
21
54
112
70
43
90
126
14
61
-83
90
-65
-38
15
109
-116
-12
126
109
-117
87
-90
-55
-84
32
69
15
7
-36
79
103
-59
-94
-10
-101
70
64
49
62
-123
70
-82
68
-87
109
-57
-75
94
-27
60
98
125
90
-46
35
-48
-55
-55
122
67
97
40
-8
-42
51
32
-65
-46
72
-15
-43
76
89
64
81
34
126
-63
105
-119
67
118
5
49
32
44
93
-80
67
-64
-49
67
40
77
-53
125
88
-70
-82
94
105
-100
-35
-70
13
-29
101
49
-68
-64
18
-11
86
95
-96
21
-32
-42
-113
42
-18
6
-55
-104
-81
-110
-3
-104
-104
3
110
4
-17
-53
-81
95
-2
-71
98
-107
117
3
46
-116
110
54
60
-124
-5
72
15
-71
41
-10
-76
-45
35
7
60
49
-113
34
93
3
89
74
115
-68
-30
42
67
93
-56
-26
89
-76
0
-25
-54
74
27
4
-92
-3
-117
-15
124
49
-116
-80
-37
55
11
-79
59
99
-124
-79
69
-62
-85
-124
45
-106
-98
105
97
-6
-70
-99
35
84
74
26
123
98
-32
4
-49
39
-57
0
-26
-1
38
80
73
-109
-86
-15
60
119
-111
120
-111
-63
-42
-30
92
-92
-99
93
56
50
8
-53
97
-74
85
126
32
-8
-73
-126
65
-35
83
84
100
-21
-111
-6
-112
-108
52
-43
55
-121
86
115
-58
65
22
-88
24
-70
94
22
-63
-76
-118
-120
-36
78
76
103
-59
-54
126
68
23
94
-107
74
-89
4
-72
-2
104
64
42
-54
-116
83
24
-7
15
-104
2
95
-61
-84
-97
-81
99
-33
-83
46
65
-17
36
-125
-72
6
-61
-115
55
-97
-55
-99
-8
-100
-112
-112
49
-41
47
117
-63
-13
98
-3
107
18
90
-107
63
-19
55
36
-76
64
100
-37
119
-73
-9
38
91
-96
-54
40
88
32
17
32
-22
-33
-100
-126
56
-7
-54
-48
-75
28
63
113
34
-13
-79
17
64
28
35
35
-117
-97
-21
-35
-86
81
-33
-118
-54
-33
-83
21
-94
49
97
70
12
124
103
-32
-107
82
-97
-62
13
53
72
-58
101
-38
23
-47
39
-38
82
95
69
-88
10
-87
82
-10
-43
-34
31
-32
116
99
107
-112
123
-15
38
45
-81
-60
97
89
-59
-77
1
96
-21
-120
-67
14
-6
-17
7
-58
68
9
-10
52
-100
84
32
-42
-68
115
58
14
95
27
-64
-83
-83
36
0
-1
-121
-119
109
-51
73
-64
-18
0
-49
-28
-122
-87
-108
103
-75
-80
-63
97
105
121
47
-81
42
71
-92
103
0
-21
-20
-107
83
79
-79
-57
-95
-8
6
84
-66
44
4
83
47
-74
28
73
-77
84
-52
-120
-31
71
-4
119
-46
-113
33
96
-11
-66
-13
83
122
-85
54
88
53
28
34
35
-100
91
43
-87
113
81
74
-103
69
-112
37
125
-92
91
-120
7
-62
-53
32
-81
36
67
-112
-38
82
37
-3
48
-105
102
-10
-101
-124
66
67
45
-66
-123
-38
53
26
-47
47
-44
35
24
-104
-18
-93
28
99
-84
-75
-116
-14
96
-107
55
-24
-39
1
-109
57
84
12
17
-39
-72
-88
124
-14
-96
60
48
89
115
60
-72
100
-69
69
111
66
3
112
20
-61
-120
-24
68
-8
9
-75
120
41
-68
-113
18
18
43
2
61
64
118
58
10
61
80
76
-33
-75
-116
-55
18
-60
68
-8
-126
58
-34
3
59
98
77
-13
-68
-101
-115
40
62
-35
39
-11
37
20
40
54
-118
-76
-14
72
64
-20
-83
-98
77
-75
123
-66
26
64
-116
-62
44
-81
-111
40
66
8
-126
-19
-42
-18
-114
14
-108
108
118
5
67
-20
8
-39
50
44
38
-82
-2
-65
-53
51
114
117
-37
48
-31
-67
-74
1
-18
-62
-33
-28
-9
-23
31
100
112
24
27
61
-35
-118
19
109
60
108
98
110
42
-124
-4
-36
-3
90
-39
-68
113
-13
53
123
26
-22
16
52
56
114
28
-84
-35
-54
91
88
-112
-75
-18
92
-69
-114
-71
0
-93
-76
34
90
-99
91
-24
46
-25
68
-72
6
70
-94
64
54
66
77
-44
65
-83
47
-94
-58
-51
54
103
-14
109
110
5
55
-117
35
46
-101
70
-13
90
-33
-60
87
-98
-109
-92
20
-17
-117
98
103
56
90
22
18
13
0
-42
-106
-28
-115
29
18
80
-61
-4
-24
-121
-41
-101
-73
16
-71
-87
-107
-85
-79
-85
-99
-119
44
38
0
-120
10
69
99
27
-83
78
28
-23
-76
35
-86
85
54
-96
104
-104
-63
109
121
2
90
-27
56
-108
-88
-63
-54
0
-103
-14
-77
-52
95
-21
90
47
-83
-37
12
-65
49
13
-79
36
53
59
-126
120
-114
116
97
-26
50
18
126
-106
-117
-62
-118
101
-42
-102
-104
-117
124
-38
-112
50
58
-79
-99
0
42
48
6
-72
120
87
-114
-126
17
-49
-5
-69
-113
-80
-83
19
81
-95
52
-123
-104
-9
87
76
-77
-93
7
39
-1
52
30
60
52
65
9
-120
-14
-50
-118
-43
-33
-98
80
109
-77
-82
36
44
-6
-4
-78
107
77
-119
74
63
-111
36
93
-55
38
-107
22
-119
109
-17
-90
41
-39
91
39
8
76
-89
13
108
-3
19
-111
78
-117
-71
122
28
71
-3
-121
-56
4
47
-49
22
-126
84
79
17
-102
117
116
-25
-48
77
-22
-70
-90
-28
-119
56
-13
-107
-29
-42
62
-108
-48
11
-63
-38
-7
22
114
15
80
-2
-111
-11
-10
-58
44
63
-42
76
-11
4
54
26
41
29
-31
4
89
27
-125
-98
-102
-61
-77
-54
-6
4
-118
-48
-54
46
-72
-32
-89
125
-85
-38
119
112
-2
-45
-7
-105
114
-100
55
-121
26
75
88
120
86
-95
117
-122
18
-109
91
104
32
-113
-104
-87
-67
51
-2
35
-94
109
-79
-115
25
96
58
97
26
111
90
69
48
104
-123
-25
-25
-117
41
-64
-32
-23
-123
-121
-46
-115
40
-32
32
31
-49
-47
-73
34
11
-1
94
-6
-32
-78
-41
57
102
36
50
47
-6
-86
103
78
-106
-106
27
44
94
10
-28
49
-95
30
-60
11
101
-56
-122
-84
-36
-62
40
65
-26
63
-105
-109
-111
19
82
-125
125
-88
-30
-52
62
-6
-2
54
70
110
-13
-78
7
40
-71
56
66
58
-124
105
-91
-17
9
38
64
-28
-88
-87
126
-52
11
-21
-111
2
58
81
107
79
0
-22
18
-118
5
-97
111
-46
94
96
40
-31
17
11
48
85
-21
107
-12
27
-50
-40
111
97
43
52
125
-83
90
74
54
0
-3
-47
50
36
-91
-124
6
-103
126
70
56
-117
-96
25
-80
26
30
71
36
-85
90
65
68
-25
-11
2
-123
-1
56
-55
-87
9
67
-76
-54
-93
-16
123
38
62
91
82
14
-61
-71
-106
-55
69
122
-5
53
43
72
102
-94
-10
49
101
-33
86
-3
29
-52
-89
-69
46
-64
-123
-67
-45
124
98
-51
39
-47
93
31
-115
-74
97
113
100
-33
-76
76
-71
-5
78
77
121
-25
-84
14
124
-50
-38
-28
81
-33
13
-85
-118
25
17
85
59
76
25
-19
-73
87
19
40
-89
65
92
-12
52
-65
117
111
-5
38
33
52
-117
14
10
9
44
-19
-35
56
0
-123
99
68
115
18
45
-101
8
85
-82
-113
-85
10
-22
-71
4
89
65
-114
-40
116
-82
-86
-15
60
-95
72
111
-67
121
-28
-118
-36
23
-64
-72
-122
-22
38
79
46
-53
114
-55
123
83
27
6
97
117
-123
-45
10
-97
49
1
110
-109
-78
1
74
-5
54
-4
-23
31
-28
-119
-11
71
38
-55
81
-25
-86
89
-108
106
-66
113
-99
96
53
23
-102
63
57
72
52
4
84
-106
-42
-113
-21
82
56
68
-37
-97
-66
-116
-31
-77
55
-8
15
85
18
105
111
107
32
108
-98
-47
100
111
-23
38
-72
-28
103
67
-14
28
-8
66
52
-67
-12
121
85
-46
95
-16
125
3
-76
-32
-86
-113
90
-98
110
-69
-27
-66
96
54
53
98
-53
115
86
37
-88
-30
-77
-48
57
-70
-67
6
108
-80
-105
-102
-7
-73
-28
-24
-3
-78
6
-54
-119
-71
125
-45
62
89
11
-51
8
-14
-36
-23
-123
-5
-33
-27
-79
10
21
35
1
-58
101
-107
-48
-2
74
-65
-53
-33
120
107
1
-67
66
-56
-113
-4
83
-56
-18
34
21
103
-70
8
-49
-16
33
-75
78
72
116
90
-55
46
-110
-94
8
-79
-3
-16
81
75
33
-99
125
-72
-52
45
21
-15
-27
-12
-87
68
46
-61
113
120
87
-125
60
25
-83
-9
-39
-71
79
-40
-60
-101
-63
31
-34
22
-7
63
16
-75
-122
-113
-114
-83
106
12
-56
125
-95
-114
119
-70
108
-93
78
-4
30
-16
-8
17
-69
-33
-54
-124
-93
-89
43
-11
113
67
-123
92
101
-40
64
-61
34
103
92
10
-83
21
92
45
-22
61
-83
-78
-10
14
-36
78
42
-103
33
51
-96
74
48
35
116
-121
32
124
88
-123
29
-9
-20
-14
21
108
-7
-20
-116
58
-42
17
72
-14
30
30
-85
73
-52
25
-88
-45
67
7
-47
-112
-8
-60
10
-96
-103
88
-116
