76
-18
69
-80
-82
-112
53
79
-118
-93
-10
79
-89
13
0
-35
-46
-105
-106
79
122
-39
-82
5
-87
80
-41
-60
-22
66
-9
14
-8
72
-6
-104
17
-3
-9
103
68
-31
62
-118
74
-115
108
90
-120
-63
100
-52
102
-26
-39
29
44
18
-66
-9
-37
-91
-41
-21
-48
12
54
-86
81
80
80
-106
11
97
13
98
54
80
-8
13
9
3
110
38
-105
-25
126
114
44
-55
-72
70
-5
-43
49
11
112
99
-82
-9
-80
17
69
-57
-12
67
87
24
-25
38
-123
-76
34
-62
-40
-62
92
-102
-77
-12
28
39
-61
-9
-47
-10
78
-83
-71
41
-99
44
-10
-7
26
105
-72
26
-53
-1
76
80
-33
-117
-90
-107
-98
-99
106
120
13
19
-29
-22
-33
117
33
47
-87
-103
83
2
105
-84
30
10
-19
-123
74
8
90
-90
107
-93
83
109
4
111
52
118
102
-36
86
-22
104
-31
-92
120
-108
-53
-124
65
100
115
63
-101
-28
-78
77
-61
120
-41
-21
-21
-17
-103
74
-14
-14
-76
29
-20
-123
2
19
69
62
17
-38
18
55
62
-118
-36
14
-2
-100
4
85
-48
-38
-99
120
10
-43
22
-70
112
-38
105
-22
63
120
124
23
57
28
-55
39
-49
21
-59
50
86
98
107
18
42
-25
-15
120
-32
-49
96
-124
6
-120
-15
-113
71
91
24
-38
-103
-87
-70
54
-17
56
-4
-70
-56
76
-96
68
65
75
-18
105
-74
24
115
-38
4
-91
90
107
20
34
-38
-103
38
19
52
-82
-18
-38
70
74
-61
-72
104
-16
42
108
88
109
-82
-82
93
-35
-108
69
-43
33
37
-90
-33
63
-117
11
-30
13
32
-73
9
-21
66
-83
7
-84
-88
5
-72
-57
-69
-11
98
126
-39
-78
-35
-106
20
58
-109
-70
7
-120
99
-46
-39
-124
-33
-61
108
11
14
72
125
-65
40
48
-9
70
-68
-44
-33
-113
1
-75
-74
-30
-66
-66
-2
16
-115
85
96
1
-91
90
-85
61
-116
-64
122
-123
-3
75
-125
76
62
-41
-114
-17
-109
-38
-57
-93
102
74
-7
-68
-89
21
-105
-53
17
-103
-12
102
-85
19
-10
2
-104
-31
12
-48
-21
-40
68
-55
90
69
-38
81
-67
101
120
-10
-54
30
53
71
-92
-115
-55
-21
-1
-97
-89
60
-16
-61
26
55
-61
99
75
117
95
-55
-20
104
39
121
-2
73
50
100
-13
61
119
59
-10
-72
60
-42
55
8
-47
-92
-100
-46
113
91
-10
-119
-8
-116
-26
115
111
-112
-34
-49
-4
83
-28
-60
-126
-68
55
-70
-3
121
-48
-14
-102
1
88
111
-68
-110
70
-43
-48
-99
-6
107
93
41
31
-54
-45
-58
-31
-110
-14
44
81
88
-39
-36
111
-55
37
21
123
53
-120
26
-118
-79
-53
-100
-115
-12
85
-106
74
-46
118
70
-11
22
-7
-56
46
-33
4
117
10
-17
46
96
0
-123
43
65
-5
-78
-97
-74
35
54
-16
-42
-48
106
37
80
-46
-91
53
-80
34
56
39
73
-111
14
39
77
-34
65
79
-85
-100
85
-62
-54
-104
17
87
-115
-95
-18
31
-51
17
-88
64
100
84
112
18
-115
78
-38
-110
-9
107
61
89
22
-63
-114
-2
104
97
-106
42
-97
14
36
34
25
-91
-54
106
30
6
-48
-86
-117
-106
-3
38
-1
22
12
100
-4
-17
-28
-64
14
-20
17
-3
65
-7
20
92
116
-90
106
124
45
30
102
19
18
46
105
113
50
92
-44
68
-69
39
-26
-10
-80
17
103
-66
-21
-18
-65
55
95
-98
-57
14
99
58
-79
11
-121
95
-88
-90
48
-17
-15
-31
41
-92
-19
14
-105
91
17
-61
28
-63
-59
12
107
-58
-67
-45
14
60
72
-44
106
101
-88
-77
98
49
58
11
-38
-91
98
121
35
-102
56
14
38
-51
107
-101
-90
-24
15
-42
-6
-7
11
60
81
-106
-119
48
27
-115
123
-82
40
-19
71
-77
-34
-60
-24
37
86
-57
65
-49
91
-20
-99
-84
-111
-109
31
-57
52
-81
26
86
124
65
76
-67
38
-12
115
-88
-18
-109
-5
-110
24
-22
92
60
26
36
-68
-14
17
-94
-91
-94
-86
-1
28
42
-103
-60
96
123
-51
-35
-33
43
-6
-26
122
-46
22
-27
28
75
6
-4
-9
-88
116
49
30
73
-83
89
-122
-68
-41
-69
26
6
6
-27
-15
-89
-6
15
-110
115
84
-65
-57
-2
-17
-126
-78
74
89
52
-50
-14
-68
11
69
-11
-83
41
-52
-28
-82
-75
-79
41
105
-88
20
121
-39
-79
101
-34
-29
9
99
-75
62
-15
-117
-47
-101
72
-126
99
36
-122
-1
104
75
-39
45
-58
15
90
-112
74
74
-96
-27
107
-20
-40
-97
27
-47
-105
-39
74
-26
-53
-32
11
-76
115
-52
32
101
65
-93
-97
19
1
37
-22
-64
-78
30
32
98
120
-31
-50
-1
-8
82
102
102
-108
-75
2
110
-60
-21
60
-104
-102
21
48
70
-53
-77
21
113
44
-126
-52
-6
98
15
115
60
18
-121
-22
-67
-10
17
-107
-92
-93
43
23
-79
-55
123
-61
-52
82
23
-88
59
-89
105
-5
85
-30
0
-15
13
-25
-8
64
-59
-113
-24
28
70
66
110
43
-54
-9
-78
-32
86
24
-107
51
9
18
103
-78
-4
115
95
57
-59
-64
-22
3
-12
-117
-26
-59
-27
107
72
-17
-45
-14
-92
-124
4
101
-117
-33
-115
90
-9
-126
-43
52
26
-75
26
3
18
-104
110
-101
-85
-24
-26
-109
-2
-97
28
-82
-76
36
56
-47
27
-45
-6
-120
101
-33
-125
-70
-50
-4
14
24
82
93
-94
100
-118
-57
83
-113
95
-41
-8
79
14
-31
25
-41
-115
-30
-106
124
28
79
93
-62
0
10
19
-13
50
124
-107
56
-29
-55
-94
13
-27
-124
75
24
125
112
-78
59
42
45
75
29
49
-74
-38
-120
78
67
-105
109
-88
5
89
119
-40
120
-46
69
-39
-123
-44
-26
0
-84
-89
50
93
-32
-93
6
65
-47
-124
114
-110
-69
102
117
97
36
68
-20
-26
-1
66
-122
-112
18
90
58
33
-70
42
98
0
81
-59
100
-35
-30
-4
-72
-76
-51
126
-93
-68
-83
-84
-8
-101
-83
-20
-75
12
-49
41
50
-20
55
-118
115
30
61
109
-86
-13
-33
-85
-27
-22
-19
42
-60
-19
-1
-107
96
-125
1
-81
-28
108
-16
124
119
-41
12
113
-106
-37
-69
9
-49
54
-82
-45
-110
93
27
-95
-92
41
63
108
32
-3
50
50
114
11
0
-76
95
30
119
-8
55
-9
37
26
-47
52
99
125
-74
116
125
-113
-47
-28
86
-62
110
-117
-1
106
103
48
57
-110
-69
110
-40
-53
-9
78
94
-4
86
-73
120
89
48
95
19
16
66
33
30
113
9
-51
117
-103
12
-42
70
-49
-29
-87
2
50
74
71
-72
111
-86
-100
91
99
-72
-115
105
51
68
-36
-49
9
84
82
7
-117
-26
-84
14
-71
64
79
73
-37
-90
-20
-77
-113
-111
79
-22
29
12
46
-24
-30
-47
-80
125
17
-14
-31
-32
107
-90
-114
-37
-91
44
-17
124
81
-5
79
99
5
-83
-117
-67
-102
87
-6
-21
-26
97
95
73
-115
-56
-70
109
90
-113
-8
-23
-112
-34
82
112
-6
-33
121
2
-49
93
-44
52
-113
-15
-83
-5
104
-13
3
123
7
-81
72
-67
-126
-119
50
69
13
-6
-110
0
-83
-71
-56
0
-66
69
65
-46
97
-30
22
-72
22
125
-81
-59
-52
70
18
-58
-111
-52
88
120
117
-38
51
116
83
-76
-98
-55
-124
15
56
34
-74
24
-38
48
-81
100
49
87
57
-112
-69
8
-41
-20
76
99
-25
-115
-12
-40
87
122
-8
-17
33
-10
32
126
-23
-3
-56
0
-43
-117
23
-110
76
75
-84
17
38
-94
88
97
-122
62
-20
-118
108
-53
4
98
-36
57
117
54
-59
-54
-44
35
102
-22
-17
87
-45
96
-90
-97
114
-109
16
126
50
-113
20
52
80
125
-39
9
22
-122
-101
-12
22
5
-3
-119
-125
31
-76
-123
-49
-82
41
-93
-64
23
-102
94
-123
-27
-108
-6
119
-89
5
-63
-54
-30
66
-123
-4
-12
121
-59
31
15
-60
-34
45
-19
-99
86
-47
-93
-122
31
-91
-19
16
76
-87
-69
-101
-85
104
-58
112
57
39
-84
56
103
-10
-94
-65
-113
-100
-36
-120
21
-63
57
-28
89
-105
-64
52
-4
16
-4
-56
99
102
106
94
-88
107
108
97
-22
-18
72
61
27
52
-124
102
-99
88
90
33
5
-15
69
-19
95
91
-81
49
90
-66
89
-85
69
66
75
-125
9
110
-38
60
55
118
103
-25
12
-35
17
-6
-25
-16
9
34
-112
-51
-107
-60
111
7
-28
-46
119
26
41
118
72
71
-62
-91
4
-123
29
87
-48
-104
13
105
-54
-107
95
16
41
74
-5
98
-65
76
9
-76
-34
-67
-70
85
-66
-15
-74
80
-106
-82
84
0
0
114
55
-101
-81
41
-82
65
24
36
52
-5
0
78
-4
-93
-36
-11
4
-35
89
120
-122
-110
-42
-16
-124
86
55
100
-36
-1
-79
91
43
5
66
-73
65
-68
20
16
31
79
-10
102
-91
26
-117
97
116
-46
19
-82
-82
114
-50
76
113
63
68
-68
121
-44
39
68
25
95
-126
-6
102
-110
62
39
-107
-117
-92
35
115
30
-40
-22
-14
43
-54
-47
-55
-83
34
92
-46
-19
-30
-21
-49
17
-6
-74
85
-64
-6
-114
112
-118
-100
34
-1
-102
-58
-48
-23
-87
91
44
-45
36
-25
-3
-83
55
-28
35
114
5
102
-76
-4
67
71
79
-124
34
-10
110
-125
1
-58
59
-31
-124
85
5
-107
-7
79
-73
70
41
-104
-125
-112
1
-61
-11
-52
-111
117
-11
-55
-119
-27
104
-89
15
-116
-85
-92
-107
10
-61
-27
-13
-92
80
52
44
-95
-117
114
123
-31
-122
20
115
44
2
2
-119
14
69
-75
30
93
-94
64
38
-73
-30
-32
-88
-123
-73
-8
-38
99
-67
-44
-41
8
-58
-126
-60
-68
-110
114
23
104
0
17
115
-85
-113
16
16
36
116
108
-68
112
-17
87
5
39
96
99
-2
-37
108
-46
-107
45
50
-71
-92
42
48
126
35
-86
-75
-41
4
79
-103
25
-71
-102
-30
-18
106
-50
117
95
123
-24
-20
-27
-102
-34
60
8
-88
-76
-29
-96
88
82
-114
-51
26
32
-112
45
-93
-76
-79
12
98
37
-13
75
-69
9
-122
-112
107
-58
-10
-66
-16
-3
79
-32
-113
81
-60
9
84
-106
-5
-63
99
38
69
13
14
67
56
61
-23
89
91
-19
-90
-84
34
-33
99
-18
46
-40
-28
-109
-82
97
-98
-9
54
50
-54
-96
-102
-84
-33
67
105
-103
-7
75
67
55
62
1
24
42
59
-106
-20
-65
-68
-51
-14
-40
-107
-36
-41
90
-107
-49
-78
-37
72
-113
-23
-28
123
77
0
52
-109
5
40
-51
19
54
-7
107
61
32
-85
46
36
39
-44
47
-15
20
94
105
52
106
72
84
96
0
97
-38
-36
126
27
-80
43
-77
31
44
102
-121
63
61
-86
52
-19
-39
77
53
68
68
80
-115
-118
28
-29
-42
84
-84
43
41
17
50
-37
-108
109
65
-49
-76
-41
9
33
-9
60
101
88
96
-97
32
110
-70
38
118
14
-67
-42
5
47
-95
0
-85
-20
-6
39
-32
50
-42
-20
-65
-52
-93
9
-96
-85
50
-32
4
-97
-15
-95
72
-23
16
96
68
30
100
-93
-41
126
10
-26
3
-94
31
-100
49
18
64
85
-105
92
106
29
-40
-126
-108
78
-95
-47
3
95
126
-39
87
122
94
-90
-93
-63
115
-104
17
-92
95
-89
52
-72
-3
-81
-104
-30
-3
56
94
-73
91
-41
60
-116
70
-17
-82
111
-6
-76
122
52
-62
-111
2
10
20
55
-118
116
119
64
-55
-70
-95
-33
115
-64
-3
43
81
75
-77
37
56
-11
-89
49
2
32
14
-34
78
29
-56
46
-93
0
79
-69
50
-45
48
68
123
104
44
-70
106
-61
-115
-80
-80
-54
77
-55
-116
-10
26
-88
55
20
74
61
-86
45
74
-52
64
88
63
-96
-38
-6
-85
-96
29
-80
116
32
27
-17
-84
-125
-112
27
-80
-112
72
-112
-45
-59
-70
-34
-113
-31
120
90
-71
63
90
-93
-111
45
101
-108
95
-10
-67
41
39
104
74
19
116
61
-40
-44
118
92
-74
-13
-33
7
62
-110
27
-126
-32
54
34
-110
64
-45
-100
11
-5
66
63
62
-63
-50
-26
-29
-6
102
65
-7
72
-74
-126
-65
83
31
73
-121
-24
98
-70
43
68
126
100
-125
46
-27
-126
-47
4
69
-65
89
4
112
92
121
-126
24
-77
-48
-93
84
-8
124
6
114
58
-117
80
58
-60
-41
116
-66
48
51
100
107
64
-94
91
3
-16
-93
-16
115
95
80
-91
-19
-48
-121
-82
-79
113
61
32
71
-2
40
-80
77
68
-14
-75
-42
44
-73
64
50
-48
-58
86
-83
-92
-114
-118
71
-5
79
-83
-44
33
30
92
-63
7
21
126
-118
37
-35
-29
-72
19
4
-40
-86
8
-93
82
-53
44
67
-28
-53
118
59
-110
19
-113
-59
126
126
-55
113
-24
21
105
31
-89
71
-91
24
-107
10
-29
70
90
-90
-102
-76
119
38
-126
117
-100
-29
-10
28
-99
67
-26
-13
-67
3
-111
-59
-39
111
-3
25
-46
93
-33
-26
71
-10
90
54
-125
97
-22
92
-13
59
47
-92
-28
5
-92
119
40
40
81
-73
-54
96
13
93
42
88
-21
-6
15
-3
-59
117
124
-48
57
44
96
54
91
102
125
-115
-11
-105
-1
103
34
18
-71
-117
-64
18
-9
41
-75
40
99
-74
67
-121
92
68
-18
-60
-67
54
96
-2
5
-45
-67
126
110
-59
-8
51
38
1
69
-68
-29
64
-51
-51
-113
16
-19
64
-84
95
15
-21
-70
-28
-83
27
-73
-88
-12
-119
126
-46
85
-39
-62
86
-25
25
-90
26
38
-21
117
-49
-26
5
-15
-122
46
-109
-39
-55
102
88
60
-88
40
-57
88
12
104
81
5
92
20
-69
53
17
11
47
-22
-19
62
89
-117
-9
86
-47
-83
74
26
104
-98
124
-111
-103
52
22
117
-106
-20
101
-81
33
3
-68
-109
32
108
-77
105
65
-93
51
-122
-100
-105
82
108
-53
-107
17
-113
22
-115
-43
12
-97
56
14
-79
122
29
84
48
-108
55
-23
50
81
-7
-125
-46
-101
-40
-48
121
-86
-113
-12
-121
-76
-41
11
-68
123
58
114
-67
43
67
81
8
41
42
-74
4
-80
-52
53
63
115
117
-16
-12
-106
-1
77
76
-113
-9
-20
41
4
26
-116
69
-86
86
-12
-15
97
-50
39
-19
-92
-21
58
-15
-120
100
-39
-1
39
-85
34
-123
58
19
-108
-21
-19
0
-14
38
-115
-107
-111
87
114
-63
113
-124
89
-34
-17
17
-42
-22
6
-114
-55
72
-121
-60
27
-109
-104
73
-35
-76
97
25
-90
-100
-10
-88
-1
22
106
-69
14
-100
45
-16
-66
40
-70
-107
51
-123
60
89
89
104
13
13
-81
-126
-79
59
-92
48
0
-110
97
-107
-72
69
-103
57
79
-21
-92
108
25
105
91
40
-28
11
75
-5
-96
-39
-17
-124
-18
-92
118
52
88
-105
44
-81
-56
15
57
-87
95
44
-83
103
-18
54
-25
52
120
-4
-53
46
-84
-89
92
-112
35
-97
-95
49
-21
-96
-15
-12
-107
-16
38
53
-64
118
62
-94
26
38
62
-9
6
-44
-76
-125
118
-107
-14
-125
-56
59
-9
-105
-112
113
-120
13
-83
-107
-2
-99
24
86
-32
-47
51
-31
28
103
-84
-67
-92
65
9
-13
-92
-117
-67
37
-82
113
1
107
-121
-105
9
98
81
-64
77
-99
-110
-63
-24
104
-27
-99
82
-76
-81
33
2
71
10
-58
-86
-33
-91
65
8
-66
96
116
-48
-76
-10
86
-71
-31
-32
22
0
116
59
-62
-26
103
-105
-22
-66
-60
-108
68
-31
17
36
44
115
15
-110
123
-53
-103
-111
58
-28
124
69
4
85
-50
-44
37
-103
-101
-54
-27
113
83
-63
78
33
99
-48
-76
96
99
-80
116
109
67
-51
-9
-71
60
118
-58
-48
73
32
58
-53
-93
45
87
41
81
-41
102
0
0
52
-62
-41
-126
89
-49
-98
-89
21
1
-90
-100
-45
119
101
-105
-91
-124
-108
-70
114
40
-63
122
-23
-115
-91
-41
103
-95
-83
49
97
-81
109
-74
-67
-107
57
112
4
-82
-51
-88
-39
-23
-30
5
-117
99
57
-86
7
-93
65
52
-115
36
98
93
-119
14
-41
-78
-20
15
81
101
-90
-76
9
-84
3
-19
-47
-116
93
101
66
-126
30
-9
113
73
23
53
76
-122
-60
41
-48
60
-42
119
-70
98
62
-117
88
-36
-122
-89
-97
-98
12
-32
115
17
-51
98
76
-90
113
119
34
60
-19
76
108
14
-5
91
-21
-6
34
-2
3
99
46
125
97
80
31
-55
-31
12
33
107
-24
-60
5
-73
0
-46
64
-10
3
-90
112
62
81
125
-10
75
-12
98
11
51
109
30
-114
38
-26
22
44
109
-83
82
-19
85
90
-2
4
-72
50
64
-107
90
55
65
-50
99
103
-95
99
116
-9
-82
-112
58
83
96
-68
-83
-105
-90
-21
2
101
115
74
84
-97
14
109
85
43
29
78
-108
-27
-116
-7
57
113
117
124
81
105
-120
-94
-37
77
120
73
60
-15
-76
-75
20
-106
55
-13
44
-77
75
48
53
56
-98
-42
-102
-54
-64
89
110
29
83
-103
118
-60
47
-52
-108
-59
73
-111
40
-35
82
-97
122
114
66
0
-54
99
38
21
-67
69
21
-106
-107
-42
5
89
2
-96
-10
-65
-83
13
-108
-64
-69
-116
97
60
-11
56
5
11
99
-107
43
-108
80
-24
73
89
51
117
22
-88
-17
-59
-124
-1
88
68
-108
73
-1
-120
94
-16
-109
120
24
-7
117
-124
-41
71
111
107
-104
101
64
103
-81
77
-34
-68
-124
99
109
-77
107
123
83
23
0
125
-33
50
29
39
95
4
-94
-13
-20
91
109
30
-54
-8
73
103
-123
-84
-79
-31
8
108
-89
-1
76
-74
40
-39
109
103
-66
25
54
117
71
37
-119
-48
36
-124
12
52
51
110
61
68
70
78
-119
-101
47
65
48
-25
75
23
77
117
94
119
-49
108
20
-14
-126
-79
100
49
-96
73
-36
-67
46
-42
88
-50
83
24
-25
53
87
-22
-94
119
15
18
-35
88
-38
-55
22
-63
96
-34
46
-118
-31
-53
29
-75
-119
72
31
6
82
-1
-3
16
101
125
-24
47
-71
-90
36
-11
-74
17
111
14
16
62
-54
-93
-13
125
44
-83
58
-38
84
-50
-117
-101
-113
-74
66
0
59
-15
-72
98
-109
-28
52
-48
-87
45
-91
-57
-23
-69
-21
-56
125
64
67
-55
61
2
78
-76
64
-13
103
-97
21
-95
-89
73
76
-98
-114
43
-58
34
66
-10
-15
58
-25
116
10
-80
69
66
-31
-125
37
117
-67
-82
-52
-123
-124
126
120
-31
20
-67
27
17
-104
84
70
77
22
-126
82
-55
-64
101
38
88
-108
-84
8
26
88
-93
-113
31
60
-40
103
100
59
83
-62
-78
108
-76
81
-33
-54
0
119
-20
-24
-21
-20
-74
-31
-57
-56
58
79
103
48
-36
37
-42
-79
-46
-77
86
0
-1
44
100
5
-69
-93
121
31
37
-10
-61
-2
96
122
66
-64
123
71
-38
-6
10
60
60
-15
-53
110
-36
21
-90
119
62
-90
18
-58
93
-19
-104
-23
-20
-101
-27
-91
-101
19
-20
17
-13
-57
-50
42
26
-37
119
-109
-82
-57
126
99
-106
-69
89
119
119
-68
28
63
48
12
110
68
91
42
49
-17
-13
115
50
0
-119
85
-41
17
-101
-124
-118
-26
7
-109
123
79
-96
25
-21
54
88
15
-21
-67
-77
10
-112
-92
56
-80
-31
-104
64
105
-20
-60
72
57
-26
-11
-106
38
49
58
-6
-80
-59
-76
-19
81
40
-12
63
-14
45
80
44
-82
-6
-22
-103
-118
11
33
-102
-22
103
30
-45
-53
-4
82
13
40
-16
35
42
12
116
87
86
53
80
-69
41
70
26
43
2
-6
9
20
-42
-70
-71
-21
67
-85
53
49
-88
3
100
73
101
53
91
-46
-47
68
94
113
63
102
-89
-125
71
-85
-1
-94
56
72
1
80
40
-7
101
59
93
60
-75
-112
-49
-95
82
-80
-11
87
-53
44
73
-72
-101
-81
32
108
6
62
-97
122
-44
73
28
94
-87
15
61
-47
-80
108
103
38
-88
82
103
46
112
36
-100
19
-37
-11
-71
-103
33
76
41
-51
-119
-1
-111
-1
-34
25
-49
-122
-34
29
-47
-80
-42
-12
-27
-12
-39
63
73
45
-126
52
97
123
19
-49
-109
22
107
64
-43
33
10
-3
-120
111
62
118
-29
-95
53
-63
57
1
101
123
-22
82
-88
-43
-108
28
-18
102
16
78
124
96
63
102
0
59
123
54
-43
-66
124
28
-106
81
-7
72
-109
-55
23
78
