15
119
13
-42
1
-108
-62
81
51
-73
-117
-103
63
-118
68
-71
107
-2
98
38
-20
-24
-28
3
-53
23
5
83
-36
16
118
-101
-77
2
72
-46
102
-119
-20
-64
-55
100
24
30
33
66
83
23
-47
26
104
1
60
-37
32
110
-4
103
1
-6
39
28
-31
67
50
79
-103
61
-39
-117
24
-111
-56
-115
-59
-69
79
39
-81
87
32
-86
64
-114
-45
66
96
-125
-34
-57
3
-113
65
-112
-31
97
-36
116
-89
82
68
41
-25
-99
-59
68
-98
58
-112
1
-10
-71
121
93
-46
-6
-37
27
27
1
14
-38
-8
37
38
69
77
42
-112
38
76
79
-105
-92
-34
48
95
31
29
19
-119
-100
111
-2
123
61
-98
-79
102
-74
28
88
40
108
-105
-87
-86
-50
15
-110
-97
9
110
-35
122
46
68
105
36
119
-7
-80
-83
20
-39
-39
33
-19
-102
-86
66
10
96
-19
-100
-58
68
28
73
-78
-18
-109
-88
21
-52
87
75
96
1
-115
88
-49
-7
-51
4
62
55
48
-98
7
6
-61
-56
30
-24
112
122
-14
-24
10
17
-38
104
-104
99
-26
-39
53
-37
126
101
82
-33
26
-45
-46
11
-16
-61
-122
43
124
71
27
-76
77
-112
72
102
44
-68
-49
98
-29
-99
-52
-113
19
-101
86
76
-40
17
89
0
44
0
36
-119
91
-86
62
-14
-22
-69
106
8
-84
-21
-41
83
47
44
-14
-37
111
5
108
-85
-113
122
92
-10
21
-61
99
82
0
-104
-117
92
112
-9
12
-47
-26
-115
85
-29
86
26
-41
107
-114
-77
-125
32
-114
110
48
-23
-13
40
5
42
-93
48
-66
-113
17
36
111
111
40
96
57
59
100
-103
-56
72
-42
-88
-70
-27
4
-92
107
-58
-5
-69
-112
-5
-28
94
-124
31
-11
-23
-112
88
-67
-126
84
113
-26
43
5
23
18
58
75
13
101
82
-8
-44
-32
12
-45
20
-111
-69
32
-20
97
-47
-48
-69
-19
27
55
48
-114
-89
22
-62
-57
-9
-5
-115
-100
42
102
-92
95
-7
110
12
70
-111
97
-13
-113
16
-5
-11
36
-15
11
107
44
-125
-86
53
-97
-113
72
58
4
-104
71
-34
18
82
-20
-14
-119
94
-74
-10
-100
51
-79
-78
-8
1
-2
90
-16
-45
-44
13
109
40
-73
7
-19
5
-106
27
67
-9
26
67
68
-87
80
49
96
18
114
93
-50
66
-113
-25
-19
78
53
68
-20
2
-107
-79
-34
80
111
-97
-78
-120
10
-51
-11
-29
-13
-55
15
-1
17
-55
-107
62
-67
91
-76
27
94
71
-3
9
46
-110
1
88
-24
121
107
69
-123
30
-69
17
124
-60
-96
-22
-3
22
-68
-21
-2
20
54
-124
100
28
102
18
122
-124
-122
113
75
-83
46
-41
-20
-126
47
48
-122
-70
-63
0
-40
86
70
48
103
85
79
-113
-105
80
49
-51
92
-60
-103
64
120
14
3
-52
33
111
-32
119
-104
-104
-73
-6
82
118
-65
-31
117
-99
-65
77
-59
6
-12
117
93
103
-113
44
7
58
-26
95
-110
11
114
49
-52
-9
67
18
20
49
91
20
105
29
77
80
126
49
-4
30
80
-46
55
119
62
-53
-44
-72
-111
21
53
-89
-19
23
-95
119
68
113
-83
42
29
56
-85
98
61
0
-3
-46
58
40
117
-95
91
102
125
123
-42
73
92
79
67
93
17
-106
6
37
-126
-3
-58
7
-36
-55
74
-33
-88
7
-114
-41
-95
-96
103
-47
124
-60
-102
85
69
97
-49
-13
-72
-115
-18
112
-9
-37
-4
88
-112
124
15
-93
100
83
113
118
50
60
-65
-101
-74
-116
-99
-109
-114
77
114
-32
-116
-45
59
-35
-18
-124
39
-38
-74
33
-22
-39
32
-7
-44
-49
1
109
-4
89
95
47
56
89
-75
-43
-113
-55
-89
-84
111
-45
23
22
-12
8
-21
-83
-71
33
-62
-13
61
-87
-66
124
-3
-106
-24
-60
58
-84
-55
-41
-72
21
101
-2
123
-101
-82
-59
125
98
-28
-10
-32
59
-49
-76
-26
-76
-108
-125
26
-120
118
8
17
76
33
-24
-55
62
-26
-53
-93
-108
68
-88
124
-48
-70
-35
79
3
101
-119
88
-49
68
82
-45
-88
-8
-113
-94
-67
66
86
-118
118
-20
45
-41
106
107
26
107
54
-53
98
-39
-86
114
99
-75
56
-14
16
-124
-116
-31
42
-45
-93
108
54
81
-7
81
-58
33
-105
3
125
-117
-26
-93
44
-29
-35
-50
-107
91
-66
104
-40
-16
118
7
-43
-100
-123
108
-104
-58
-81
121
-43
99
42
100
30
58
3
6
49
83
-108
-77
-114
-118
-80
-39
60
-67
-56
104
-115
18
-7
-71
-12
90
-20
78
-117
107
12
3
-48
26
85
44
126
42
-51
-54
-25
73
102
11
-55
-11
1
-125
-30
-29
-117
-41
-107
79
-111
-16
63
73
-19
-42
99
-62
22
-89
117
30
108
-104
34
-101
-121
-83
86
122
58
-73
70
28
34
-60
84
74
-98
3
-112
90
-119
-39
23
21
126
-107
-52
81
11
15
-34
-42
40
47
66
-40
36
-11
56
74
-95
-87
34
-68
60
82
-97
91
76
-117
-123
-73
120
44
56
-19
71
-68
-125
-104
-14
83
-82
-69
-34
115
-20
51
-38
40
14
-55
-65
33
-1
-99
38
-3
-63
-65
112
-92
-70
19
33
-109
-95
-45
104
113
63
73
101
72
0
-73
86
47
-44
86
-29
97
-1
3
40
5
-33
-3
61
-13
-93
-80
64
123
-111
-85
56
-18
86
-3
92
43
-114
-64
125
-37
57
117
-77
-52
54
-101
106
-85
-79
104
-70
44
0
-32
62
47
-38
95
47
-104
82
-117
77
-64
86
37
-49
0
-107
61
-103
99
-33
-56
45
-80
-82
93
91
76
32
27
95
-60
-75
99
31
-53
-114
77
-63
20
26
-7
-98
120
88
-22
110
0
-1
85
48
10
103
-23
7
-108
0
99
57
55
124
68
7
-99
49
34
-29
73
69
-106
97
26
-100
-52
-25
-40
-77
26
-45
-103
-52
58
-55
18
37
-24
84
-36
5
38
-7
74
-7
115
96
-116
115
-125
113
3
-54
71
68
34
0
-73
72
53
39
25
65
-35
38
27
-84
54
10
-8
-38
-15
117
46
-43
-72
-93
-12
-57
-65
17
10
118
110
-13
-48
50
85
-56
-81
22
-17
-51
46
-101
-24
66
118
-43
2
-112
-54
-37
-109
-54
109
44
79
66
31
9
18
12
-54
51
-124
-118
58
105
-26
-107
56
-78
-87
-44
-28
27
50
46
118
-64
41
124
-29
0
51
5
-103
88
-22
47
-60
83
111
-72
-98
84
4
22
-98
110
93
9
-52
89
-72
106
85
74
-23
-80
72
69
-33
-38
-11
40
87
-95
118
-124
-83
39
103
-7
30
126
-106
-43
-21
-58
93
-18
7
-92
28
22
109
-105
-104
-60
65
23
113
113
44
-88
57
60
-33
78
70
119
109
36
-72
78
30
-45
68
-59
-85
47
-99
-122
52
-116
-125
124
124
-2
-6
13
-34
31
45
89
77
-48
-55
13
98
-24
10
-110
12
56
-53
-115
126
-22
33
51
-102
65
121
-84
-94
113
66
-109
67
-45
115
126
21
-66
-66
-7
5
-13
-24
40
-102
47
-27
114
-61
99
-120
-104
-65
-83
-43
-2
59
7
-126
125
-56
106
-11
-98
44
-100
-11
9
89
-5
-56
0
-10
65
113
-73
-104
-69
113
0
123
108
-8
-27
18
126
-107
-91
-86
-114
-17
-94
55
-63
-47
4
2
19
-74
23
-119
-46
-84
-72
-8
86
37
68
59
-67
31
27
57
-68
-95
74
-45
37
126
41
-42
-81
19
11
-14
-55
10
37
75
1
-101
101
60
0
-36
-45
115
12
-3
-79
126
-25
-125
-114
95
40
-40
-30
-63
-111
-13
-24
-12
-7
-82
-18
-67
-59
46
39
-94
13
-123
-41
57
-31
52
68
-63
84
-121
-17
-51
63
-83
-44
13
-31
33
-50
106
-69
-31
99
-52
123
52
122
122
-75
113
-40
1
-100
-81
75
-78
70
85
32
106
19
62
-19
87
-8
-113
0
122
51
-121
36
-126
-126
41
47
13
-90
63
-47
-114
45
14
-126
47
-97
1
-123
-93
79
-7
103
-97
-12
-20
99
122
66
65
-113
77
114
-28
-64
38
121
-9
-70
-78
19
-43
-65
25
56
-99
-62
10
118
109
-25
46
65
70
-20
112
65
-20
-70
9
47
111
53
-16
-59
80
16
85
-46
11
34
71
118
-60
-85
115
36
98
102
-31
-54
68
104
-5
93
55
25
71
-60
-108
-54
-87
-124
-97
-49
-22
-4
110
1
46
21
36
33
87
95
-4
98
108
93
-66
66
-55
80
-116
94
121
-67
-29
-30
32
-114
-122
-55
38
-118
-118
25
56
115
-62
-56
81
26
75
-45
-76
30
-24
-5
-84
75
99
3
-3
-65
85
82
80
32
-37
-125
-11
-34
9
27
-36
-9
-126
-86
-85
-22
5
-69
56
-50
50
-114
-51
-105
-59
-99
3
32
-46
12
50
-116
37
-30
-88
-41
-124
99
11
-13
101
42
-13
-71
-67
-85
47
73
-112
44
-111
12
-119
-59
23
19
-10
99
-43
-67
-111
79
-16
-43
53
-114
125
-121
106
-7
85
-28
51
62
-49
-48
-76
-59
57
-105
-101
73
-118
-126
79
-40
87
46
96
58
87
118
-103
33
-30
48
-36
-102
16
12
-89
-121
-60
119
-67
82
89
40
113
-13
12
-77
-87
-26
57
112
61
-17
-1
-104
-57
-86
2
7
-88
20
59
-116
-39
-29
36
85
27
8
-100
1
73
-11
100
116
-2
85
27
66
-43
86
-17
-91
11
-48
126
-14
22
-76
-44
79
-105
-45
9
-10
-71
-76
100
50
-18
7
-42
47
-118
19
-7
0
-101
18
95
-124
47
84
-121
43
-46
-71
-82
-78
-52
-82
-76
58
-78
-17
-120
-117
35
-94
-71
49
-61
107
111
-20
-38
-30
-78
-116
49
36
-77
27
19
-55
-57
70
92
51
8
-19
63
22
-55
-107
19
-60
120
54
61
93
-100
117
34
92
-52
46
-89
-94
20
29
-90
57
28
-3
126
-91
-71
53
-115
-8
34
52
8
112
-47
-37
-6
70
-114
-92
-8
-104
116
-108
-41
16
-2
-35
-61
-119
-17
-22
35
-118
58
50
106
-62
-5
17
-95
-74
-15
115
74
26
119
33
30
-25
-94
-4
102
-56
-9
92
49
-84
44
-104
-65
-112
-91
23
-118
-86
-114
-58
34
-73
30
-90
-101
-10
32
-65
23
29
-76
-29
16
89
42
-46
36
18
103
-52
119
16
-23
-101
60
76
-116
-89
-82
104
-47
-121
-95
-85
0
67
-108
-14
116
41
-66
19
17
-42
-116
-125
-118
-16
-97
29
10
-58
43
-59
124
-109
81
-46
69
60
-60
-81
89
-16
-35
50
24
-90
15
104
31
-80
37
-9
29
-54
-52
54
88
53
112
-28
103
4
106
-70
81
113
-43
117
26
10
-83
63
106
-6
47
41
-36
-72
91
123
16
-10
45
-7
-81
125
-17
41
-40
106
-58
-109
-75
-25
69
46
61
80
-70
-63
73
-105
82
-82
-115
-12
-93
-123
13
122
-28
126
86
52
-8
95
65
123
66
-70
44
29
-100
89
25
67
23
-118
-35
59
104
43
99
-98
3
22
-31
89
73
41
27
-35
-121
-40
117
6
73
93
85
-22
-89
-58
-46
110
48
82
29
78
-35
33
-21
16
27
16
-86
-27
-64
21
-123
-76
-96
-46
114
-121
-14
-48
-66
67
-27
-27
-65
99
-40
-111
-38
-4
80
70
-17
100
-115
44
-96
85
46
113
87
25
-100
-118
-32
94
-42
-45
-35
-65
-4
114
-99
-39
-42
124
-3
-38
-45
-116
85
-91
-82
-107
-63
-21
108
-123
-1
19
122
-36
11
-93
16
109
1
120
50
3
-49
58
-6
100
0
-99
-40
39
-99
94
40
56
-84
109
55
-3
36
29
118
-121
52
-86
-79
50
18
118
93
-63
-9
-86
105
-113
-55
0
18
-73
-80
43
-90
44
-124
11
88
1
-27
89
119
-120
95
-8
-97
-20
-16
-88
-85
-103
-58
0
-40
71
32
-5
-14
-57
-82
43
-94
-66
-109
-61
81
-10
81
-55
34
6
15
58
-22
75
-57
-4
49
-92
-77
-90
-52
52
-32
-26
63
119
-109
-66
88
6
20
-34
-124
-13
27
12
-90
-26
-72
51
-27
1
-106
-114
71
91
13
17
53
-93
49
30
81
30
-41
-19
37
71
92
82
-89
-123
-84
0
114
-60
-101
5
106
51
-57
110
-16
23
-113
78
-11
-116
-84
98
-72
-59
-86
68
-76
35
52
-51
52
0
-8
14
-88
39
-122
44
101
108
-114
-49
-42
-62
82
0
-28
-75
29
-33
67
73
38
44
35
-95
52
-37
-16
-85
-18
8
-107
34
-117
7
76
102
114
120
-33
-42
0
-126
-50
-16
70
-95
1
93
-52
-59
-35
-117
118
-104
-88
92
39
10
-16
-120
-72
-53
55
52
74
-10
8
29
101
89
64
92
-25
13
75
121
-2
23
-117
-107
-43
-101
9
-122
86
-108
121
-111
101
63
-42
-43
98
-77
63
-95
-37
5
26
94
-68
111
53
-63
105
17
-72
80
-107
27
14
-98
-117
-39
24
-96
-98
-82
68
13
-69
0
91
-52
54
-70
72
-122
-111
-75
-17
84
-103
106
-8
-24
75
-79
50
106
73
26
-47
104
-89
-75
-82
62
-106
-23
110
-52
47
-63
42
-102
63
0
-52
-106
-34
-91
115
22
67
-38
-77
-59
55
99
-2
-91
-41
30
18
100
-88
-11
23
-94
87
-104
123
-84
103
-67
44
57
-77
-83
106
-18
-93
116
119
123
-125
1
-42
35
28
-28
-56
-111
-68
-95
116
80
33
-52
-76
-78
36
43
95
93
-9
-46
-20
81
55
-65
90
-22
-126
-93
-7
-3
-32
-65
111
-111
-120
-21
8
84
-90
92
75
27
31
-84
56
-27
-73
29
-36
54
-73
87
-26
1
80
-19
-86
0
58
77
125
-126
23
82
-117
26
-11
30
92
-121
-67
55
-6
-71
112
35
24
15
-102
-76
-50
4
31
-10
-24
-64
-85
116
-98
-105
10
39
119
63
102
67
113
66
48
-32
-40
-14
2
5
63
-10
10
-73
-44
64
-116
-27
-107
-24
-89
121
97
46
108
-2
14
-35
-11
57
-114
-108
-32
47
39
-59
-83
32
92
-119
-87
108
-91
88
88
-82
78
-107
-50
43
90
43
10
-72
-59
-4
-91
100
-64
-92
34
-56
-8
-48
-58
-88
-95
111
-48
69
-4
37
96
-66
-71
-9
-98
-7
50
13
123
100
124
32
-73
81
-46
-80
-118
-97
-80
51
63
30
-30
32
-25
2
41
9
87
-12
66
116
-58
-61
-126
66
61
-1
58
115
-19
-96
-42
-14
18
-88
-4
-120
-31
-121
118
42
-52
119
-76
91
-16
61
-60
24
-76
-20
-99
-61
-97
-92
-61
-11
39
124
-105
35
-4
-11
22
120
-29
-105
-70
79
83
-64
-93
73
110
-54
113
-35
-55
-51
108
-58
76
-25
-94
-49
70
-77
94
-43
30
88
54
-21
109
105
41
34
-107
96
-34
61
-57
-119
0
86
96
-96
23
86
-24
116
-115
-80
-16
101
115
-76
2
76
-79
-104
25
121
49
-35
68
-64
126
-71
-94
-122
-15
-61
-83
-110
1
-15
-78
-14
-22
-72
-81
40
52
-61
23
-107
28
-79
78
-79
-41
-69
-101
-91
17
47
22
72
107
63
-30
-116
-116
97
102
-40
20
99
-92
4
-51
-14
-66
-41
-111
21
79
19
-40
9
67
-50
25
84
-1
75
47
17
99
-53
125
-43
-24
-24
-88
-106
-99
120
-15
-116
12
53
-90
-30
77
73
39
-67
-121
-32
113
-35
-23
40
62
-9
-25
113
13
125
-10
75
-41
120
80
-48
-1
-107
-120
-106
-5
-98
-87
-34
-87
29
-115
0
71
-93
95
26
-87
-9
-118
-82
-35
118
123
120
-82
28
46
-11
125
-9
38
14
94
56
87
23
-107
13
106
31
-71
-47
-22
-2
81
94
-97
-13
111
-76
14
-124
-72
-39
-36
-2
-26
17
104
-33
-59
-81
48
-27
4
-44
-112
-97
119
93
-27
-56
-70
-111
122
-84
19
23
101
107
96
-52
93
-20
23
21
88
-79
-65
-36
72
-12
-112
117
76
-42
-16
0
70
67
20
-2
-111
30
-20
54
79
-87
35
72
-89
66
-3
53
-87
26
34
1
-20
41
-58
37
26
-61
-72
111
-50
-119
61
-124
-100
-121
-36
22
44
-56
64
-68
-60
-86
52
-82
101
-64
17
-5
-59
6
49
25
117
-55
103
-87
36
86
98
-32
-57
-98
-123
28
-10
14
-92
111
26
-113
-69
8
-35
70
114
7
32
-115
15
8
-119
71
41
98
38
-125
77
-9
2
20
86
1
111
-124
33
100
111
-102
-10
66
-81
73
-71
-42
-91
-28
-42
7
31
-106
93
21
33
-17
-42
62
-47
-62
-85
95
-2
-118
84
-21
119
80
-96
-93
34
-62
111
13
-118
-80
86
122
119
112
121
24
-50
-43
-71
108
108
89
56
65
57
58
-103
-62
98
72
110
85
94
-93
-3
-97
-123
-33
26
113
-11
39
-54
-45
107
92
0
62
16
54
125
-47
77
17
-14
16
-124
-57
113
96
-33
-55
98
-122
-54
101
19
-123
-71
-34
-70
11
52
-82
-86
4
-102
86
-39
-19
-89
105
23
71
5
-101
-124
48
108
50
44
-58
-49
45
-16
16
-34
-63
-20
-78
-12
19
39
68
-24
-95
84
104
119
50
-89
-36
113
-69
63
0
-114
81
-70
-22
-59
38
-86
-117
-97
47
46
-55
-102
-38
14
-105
-52
29
-73
50
84
-98
72
90
63
-65
-111
-29
-29
-27
101
29
-20
71
-3
18
-87
-16
14
62
30
-22
-18
-122
41
-66
-25
-123
-113
-77
122
106
-49
89
112
17
48
-103
-97
-43
59
-8
3
-101
-112
16
-88
-9
-21
93
38
57
-32
-76
0
2
68
47
14
-113
-96
119
-83
-34
-2
121
-119
117
-4
8
11
76
-6
34
-14
20
-91
-96
96
29
105
-95
-78
111
-126
-5
-94
-70
-126
-122
-75
90
-51
-24
-6
-88
71
103
103
2
10
-37
-92
-107
32
-106
-62
-76
109
32
118
52
101
16
-67
79
18
27
-60
-78
-85
119
-25
1
-91
22
-30
-13
29
43
105
-111
-24
48
22
107
-98
77
24
-14
-93
-46
49
-39
-41
26
-1
-103
104
55
105
96
27
7
-11
-34
-44
-98
11
-54
83
67
-71
51
-119
95
84
-12
-109
-1
3
-125
-72
-44
44
114
-59
8
44
45
117
14
8
-124
28
72
-63
103
118
95
-95
-18
-125
125
-86
28
-83
-56
-27
114
-69
-40
81
28
69
9
-77
22
-89
-30
83
-7
-97
-44
-50
-24
47
66
25
18
119
115
-95
-75
78
-48
20
96
53
-88
55
61
-69
105
-20
93
93
-17
13
79
-79
60
48
-74
18
8
4
84
113
-59
23
25
-30
-14
57
-37
-42
41
-78
-37
125
-7
11
-122
122
120
40
-98
-34
107
-20
2
50
28
-121
-45
43
84
110
94
-16
57
107
97
56
-54
39
91
-15
86
101
1
-78
70
-73
47
-122
-41
45
-63
-56
-75
-88
59
-15
-54
117
69
-64
94
-107
57
-4
-111
-63
77
-38
-94
2
82
-98
-49
-88
-61
32
-120
-120
-73
75
53
60
26
-95
21
-83
18
114
-95
-35
103
114
-94
30
-107
-116
-5
7
-106
67
-82
-99
-57
75
-113
-53
81
-94
-16
26
-11
-104
9
19
63
-62
-35
-55
117
104
-11
-95
-57
30
64
52
110
-120
-33
-32
29
-126
126
83
-121
60
-13
96
13
-31
-47
-73
9
-49
88
63
-32
-75
28
-120
15
-6
-28
18
-1
26
-17
-50
-4
43
-101
-33
-43
111
-20
117
5
-42
-110
-108
76
-68
105
-100
41
84
-105
122
-103
-118
-101
-121
16
27
44
67
-103
-94
-74
9
103
92
104
-13
-124
39
-43
-113
47
-10
9
107
58
-101
-54
95
118
-27
117
-2
-42
44
-111
-45
19
-12
11
90
-39
27
-43
-111
-61
-2
54
-73
-85
68
10
-68
64
87
-25
68
-80
-62
-102
76
-35
-33
-46
-39
-92
-56
-104
59
-18
36
12
-17
-95
-123
-100
-34
-57
70
115
-55
87
74
32
16
-97
-29
107
9
4
-76
0
-82
-28
-83
107
80
-120
10
115
-82
-118
45
-26
90
58
-72
59
-92
-63
35
-8
39
1
-10
69
-19
-81
1
122
-97
-11
-126
116
44
-115
16
-33
50
89
-108
-8
-119
-65
-64
81
31
66
-48
-84
26
90
-119
-51
-119
87
-107
29
70
-79
-2
93
45
104
35
-100
44
37
-125
95
45
31
55
-51
-9
41
17
-26
46
107
123
107
99
-125
-61
13
-89
37
95
-105
21
-106
87
-86
-115
91
-42
19
27
38
-123
-87
39
-36
108
86
75
5
64
-25
77
102
90
117
-41
44
-33
-61
-86
31
-39
-64
-98
-41
28
10
-123
-88
105
89
-46
5
-4
-62
-100
107
-111
-112
84
2
-91
39
101
-77
74
2
89
65
-9
-78
113
-59
18
-88
-56
76
64
44
52
-28
-88
-97
-31
13
-113
-31
-23
97
70
-51
-76
26
31
-34
-29
114
-53
104
-58
107
-116
53
-5
43
25
45
-124
