-12
-50
-65
23
81
-94
-4
104
112
-54
-3
-81
-28
84
81
-69
67
-100
-99
-121
-32
-24
-90
-89
-34
64
-29
4
4
22
46
-54
-32
-65
123
-5
-46
26
-25
74
113
-46
78
38
56
-23
-114
-32
61
-82
-77
-97
-74
66
2
110
100
57
-81
-104
35
12
71
-14
48
95
-82
36
0
104
-67
-33
-69
-43
30
82
122
23
9
-41
62
-14
-100
41
-36
-91
88
-27
-124
17
-14
20
-64
-44
41
-16
-57
-10
-68
58
-77
-31
111
-50
-32
-79
-38
53
-98
-11
92
-122
-36
-103
114
-77
-121
112
105
41
-62
-65
-24
114
43
124
21
-16
-24
116
47
69
-5
87
-45
-43
97
81
68
82
-44
-13
-75
123
9
60
-13
93
41
82
82
-76
-112
5
-90
99
0
61
99
13
54
3
-80
40
46
-90
-119
59
-97
51
-126
39
-110
95
-48
124
25
103
95
107
119
-88
124
-69
50
-12
13
-48
8
-37
122
-56
-78
102
-27
28
-39
13
0
78
-63
-45
-11
-90
122
-37
-5
-26
-80
0
-111
-82
81
-6
-94
-70
-60
79
-50
72
64
37
-52
119
-97
-121
-120
36
-81
-61
117
-44
-57
32
77
-92
98
-54
4
42
-70
-59
-42
-11
-61
-126
-77
-32
30
29
78
-111
-50
122
-63
-45
-111
-41
71
-118
-116
89
-35
-125
111
9
117
92
60
-42
57
85
101
-59
0
-99
-12
-111
-29
-114
-25
8
-70
-6
-14
49
-64
81
83
-34
-45
75
105
69
-36
124
59
-33
-115
-22
26
96
84
119
35
-40
82
-15
45
18
-109
-57
114
-24
-33
-7
8
19
28
-69
-14
-89
-68
-88
92
72
-54
-50
90
-42
-42
-80
29
1
126
35
-113
22
118
-79
-55
3
73
-77
-50
43
60
-119
124
-36
19
-117
-99
50
-125
123
125
-12
-92
-46
-82
122
-60
-33
119
-13
68
-28
109
82
121
-124
34
-25
-72
10
-88
95
-16
-85
-62
-87
-65
115
-82
0
126
-44
-12
23
0
-64
-76
53
-34
-21
90
-107
-114
-78
-80
-113
-59
107
-93
57
-99
-100
82
-99
-82
-30
71
115
12
-35
-96
115
-24
77
-36
67
15
20
-112
-81
-62
0
-8
-36
-112
113
86
110
14
75
-94
-6
-48
-75
-67
-2
-71
-91
120
-107
-63
70
2
87
-70
-90
76
57
-116
19
-11
82
26
126
108
-44
-46
107
124
-61
91
79
108
12
46
-89
92
34
-33
-41
-79
34
95
-41
115
83
-69
24
75
102
-77
56
35
-49
-104
109
-51
13
27
-66
68
-24
-11
108
64
-61
-102
55
59
-98
108
66
43
-119
49
-61
-99
97
108
-13
-61
91
65
-75
-28
120
-33
-7
5
30
112
-44
-43
82
85
-38
51
73
-23
32
-34
109
42
17
13
-28
52
-48
26
74
13
-13
117
66
108
-32
115
-35
-109
-30
-25
20
8
-24
73
-1
50
-125
55
41
-27
123
60
125
74
64
76
-114
19
-56
-114
27
-124
-47
4
91
-43
-70
-111
29
57
0
14
-18
65
113
-68
-25
103
-123
19
-70
65
70
-52
18
106
28
-77
-118
36
-17
121
-100
89
-81
-39
112
120
86
85
126
69
-76
-19
15
-93
-91
33
125
-13
-91
82
-109
-107
-44
92
71
-117
-73
-51
0
88
-125
83
-58
-61
-110
32
79
-63
101
80
-41
0
92
-81
-56
-54
-31
96
40
-20
-55
70
18
71
64
42
-116
-4
92
-22
-70
58
40
102
68
122
-36
-52
65
91
-99
100
1
-119
-37
64
-75
103
50
48
-76
124
107
-6
-48
-100
-6
-59
9
101
24
16
-109
-27
110
-39
-25
-41
-60
122
-123
83
47
-51
96
-57
-9
66
76
62
-57
32
-54
-35
29
35
10
-105
35
9
52
-71
26
-7
-12
-11
62
-99
21
-84
-54
-125
-66
-16
85
11
82
105
-21
0
76
13
95
-120
112
62
-15
42
45
-1
30
36
50
30
59
-2
75
-115
86
105
77
75
51
-44
119
-75
-73
-19
-90
-30
-49
100
52
-112
-40
124
126
-41
-6
21
68
88
-10
125
86
0
116
30
-117
63
-61
-64
-99
-120
-122
6
-98
92
-32
118
13
71
20
-2
-68
114
-118
-37
18
-58
-58
-123
111
-40
-34
-69
-98
-11
81
-17
-113
22
79
-56
13
-109
-16
66
-27
-44
-56
-23
-86
106
4
-25
73
83
-42
36
8
24
-49
-89
95
83
-88
-85
28
-72
108
-107
-88
124
15
95
46
13
-41
64
83
34
59
-89
106
-70
42
-53
115
-80
-106
-111
118
-63
-5
54
-51
76
61
72
-120
38
-22
-70
9
62
-63
16
125
-9
61
60
-74
117
95
62
-97
60
-38
-43
109
-34
-110
-17
37
-123
12
114
-19
-39
24
-74
-103
58
-29
-116
71
125
81
-5
-21
-94
70
-14
10
13
31
90
79
-103
-102
-80
-121
8
-4
-78
3
0
31
18
-16
-100
-72
34
-107
-5
-17
-83
-53
-80
87
-40
63
-83
-88
-113
12
52
-85
-68
-39
-11
-87
115
-102
39
-23
-37
-95
-101
32
59
113
-56
22
-41
-66
114
-111
47
66
-118
-123
-16
-81
1
28
-79
-98
62
-21
38
66
1
106
-82
-110
-10
-61
-10
-93
119
66
126
-3
13
44
29
-51
-74
-82
-110
45
4
24
17
52
-57
-18
89
66
119
-2
109
-44
-19
-21
68
-41
-25
-58
18
66
124
119
-45
111
-102
92
72
104
-58
13
-86
64
80
105
-114
34
84
88
-16
-96
39
-83
94
114
83
72
-125
-50
34
119
-67
-59
61
-17
126
-115
3
-14
-96
-93
-98
-50
-85
-21
-50
79
35
-118
57
20
36
-25
122
-32
-71
48
69
57
0
72
123
34
-18
-27
-9
124
37
88
82
-106
86
95
24
-43
21
-59
-1
-99
9
-74
33
-64
-2
87
-115
31
38
-76
48
121
-91
8
105
65
13
94
-120
40
-82
-83
-19
-58
-109
-23
-6
83
-74
11
-117
-103
-40
-84
-34
90
-58
-69
74
3
61
-73
-29
74
-103
42
-2
6
-24
92
104
-106
61
-105
-111
83
79
72
-41
56
-111
30
41
120
-121
-103
78
-52
1
-54
-126
-79
106
124
120
-28
65
-88
-37
-53
-97
-15
-84
122
60
-31
74
-42
107
-37
22
-88
-24
-14
-84
-36
97
79
105
63
110
-71
-59
73
-14
79
98
-15
58
-55
48
-121
-86
-115
-30
37
60
-122
118
30
-110
-78
-21
109
42
-126
-32
51
11
-61
37
-68
-5
-91
109
115
-32
-16
79
6
70
-94
-77
76
-53
120
36
-24
-1
34
-78
-66
46
24
64
-120
-14
80
-104
80
100
114
120
125
-77
14
-104
-61
11
16
45
28
77
-121
-113
-60
3
83
8
-108
94
122
-54
104
123
11
-61
-122
-13
-24
-101
-54
-110
-11
81
-117
-60
83
11
50
4
-47
27
3
84
-122
98
-107
-104
-126
-111
-15
89
-27
-58
-122
98
-84
-58
19
-3
56
-94
123
-24
87
-117
14
113
35
69
-86
17
46
103
-34
113
-35
62
-18
-12
-92
42
58
-5
-60
-45
-109
-124
-76
74
105
-17
43
72
4
-15
-78
-31
-18
16
-7
100
94
35
-118
-123
-103
-53
117
-111
-9
-73
21
-85
-106
82
7
61
-90
28
-5
-12
-54
-81
10
16
49
91
-123
-9
39
-13
-110
36
102
-46
9
-4
95
-125
92
31
68
-98
101
55
124
123
-97
112
-26
26
-26
-9
-20
30
-4
75
126
-11
65
62
92
109
102
-41
25
77
41
111
30
-66
49
11
88
-125
-53
80
80
-121
-22
-27
0
-6
-35
28
-123
32
123
31
-110
-95
-61
0
62
-50
39
86
-105
97
34
-110
-17
-111
-84
-65
19
77
-105
-64
-72
110
62
25
-94
-55
-56
-72
-77
125
-40
117
-93
77
-73
63
11
68
43
12
49
96
105
12
-108
-2
6
-32
46
-4
-72
-119
33
37
88
-108
-22
29
-121
-106
122
-18
-98
-6
6
-7
37
-56
5
-10
-17
-41
-5
37
36
-108
-15
-21
-124
87
-75
-125
43
-14
64
116
-43
-50
-19
20
98
0
67
0
24
10
-96
-104
-27
19
-20
-41
-120
8
35
3
-90
-58
-117
23
-38
64
117
-43
121
111
125
4
-95
53
33
61
-106
-78
70
35
-49
-70
79
21
7
80
108
-69
31
103
-118
-57
-33
47
-18
24
-75
-32
-115
-39
42
-91
114
74
124
34
-31
-102
-84
-55
9
-108
-18
-66
121
83
100
78
-85
59
110
28
26
-90
-34
70
55
77
38
-99
-63
95
58
77
93
-115
117
-52
-42
-109
12
-57
-38
79
-53
108
117
18
5
-126
-92
-61
45
-85
96
57
65
87
-120
-36
37
-8
17
30
-101
73
-93
-56
81
63
126
-14
112
-121
66
29
88
-72
5
-11
-99
-23
-74
107
-109
-21
-18
125
-71
-123
111
-96
0
-117
38
-93
-95
-119
52
-66
16
98
-94
-33
85
45
-121
116
-95
22
-47
112
2
28
17
16
-62
6
-44
-63
107
-69
125
44
-43
-12
-56
74
-121
-2
32
-38
95
-33
-66
-54
116
49
17
-126
52
-111
-35
-46
-81
54
53
51
78
103
33
-105
-122
-82
-91
-60
10
-37
82
67
-36
-89
-10
53
22
29
-113
112
63
66
-4
17
-76
-88
3
31
39
-49
99
0
-74
-68
90
-33
-99
-53
-74
66
-47
-36
60
122
1
115
64
-116
-85
71
121
-45
86
72
116
-103
49
82
107
42
-120
-13
22
58
-61
-34
-18
-74
52
52
-31
42
-121
-117
124
-100
-94
80
13
44
-89
48
17
34
-1
95
71
28
-65
0
2
115
-27
31
-126
67
29
-38
-90
104
54
-68
37
-116
65
99
17
-4
36
11
80
0
37
87
-123
-54
-98
-55
73
55
-44
123
-17
45
-39
55
-3
5
-72
-30
46
117
97
-46
-47
0
65
-52
106
-90
45
85
106
113
79
-32
18
83
43
-28
-41
9
-46
-7
13
47
-18
122
-115
-17
66
64
-119
123
-53
-122
-19
-82
101
-5
-15
60
14
-66
-98
116
-59
125
-106
115
-74
43
71
47
116
-5
104
-15
26
-124
73
-18
-77
93
118
55
73
120
-65
42
-86
0
109
9
65
-94
122
112
30
-126
-28
-14
-55
43
110
-61
81
87
-76
124
60
48
-23
100
-90
-88
9
123
4
-33
63
-115
-108
-71
-107
-34
-28
40
109
65
103
-69
87
-91
-14
117
9
69
70
44
-75
112
-115
-77
33
39
-21
-110
2
37
-45
100
-109
71
-72
-65
102
26
37
64
36
44
-109
124
66
109
54
-99
57
-84
-4
-41
-48
