52
-2
-19
79
-9
-107
59
-92
-51
-6
-68
-35
35
11
-33
31
-40
-45
-49
68
0
61
119
92
29
-92
11
72
-85
125
-30
-50
8
-18
-99
102
112
-36
-4
-45
71
-47
-69
-4
-4
-31
111
-47
95
41
71
36
29
-19
5
-72
-85
15
-75
-32
-30
-75
-12
-103
61
41
-78
-27
56
84
-39
-80
83
107
56
-55
-26
-108
-77
114
-112
-75
95
-41
9
-80
100
30
-77
-75
120
45
-21
91
95
57
80
-38
5
-102
96
89
-68
-85
-23
115
-11
-88
124
39
113
-74
-33
-40
-74
-118
-46
82
47
-118
2
-63
-108
33
-13
-9
31
-55
-19
-74
-27
-29
-92
-64
83
-118
-43
-80
-118
-36
49
38
57
93
85
-84
44
-105
-120
62
-98
-36
-94
-97
-15
31
85
-91
-72
18
-96
62
-59
-27
18
5
-43
-98
-126
54
41
-68
-3
-38
0
-104
60
43
-70
-71
-14
-92
67
33
-123
43
-8
59
91
96
-5
-30
-103
-4
-6
-63
-35
-101
-89
-3
-97
-67
91
-25
26
124
-32
21
-42
113
5
68
76
-76
-47
-53
70
-11
55
112
-26
63
-65
43
90
-86
116
-53
-8
10
34
-69
-28
-77
-85
126
-60
-124
-44
91
20
-16
50
95
-4
-28
-71
-38
-23
99
39
-37
44
-103
-110
75
120
115
120
-58
-31
58
77
27
-60
-113
94
102
-29
-67
109
-15
85
-95
-109
57
65
25
-8
37
124
5
-43
-23
123
70
116
61
76
57
79
27
80
-91
-117
-42
35
-4
60
111
-51
-97
-111
-111
28
70
84
63
-1
-21
-55
-114
-20
-73
-94
-97
-27
-27
-104
-45
-85
-77
6
16
-7
-124
81
60
23
22
52
-104
-6
112
29
106
-62
-89
80
93
92
-49
84
44
-96
-33
-4
-62
-13
-4
4
-24
-98
-76
34
0
49
22
-12
-121
-107
-89
32
58
-64
-111
-65
93
46
-77
-83
43
-104
89
119
-99
69
-84
22
25
108
64
102
-92
31
98
90
-110
-65
-36
65
-7
42
73
119
90
2
-102
-115
38
-98
-46
-99
46
-93
118
111
32
-122
67
-95
-88
10
-51
-68
-87
-44
113
81
-14
121
-72
82
38
-59
-64
11
-59
-10
-84
-46
-101
65
12
27
10
-14
-97
-103
-20
-77
7
118
-42
38
80
6
79
-75
81
72
10
25
60
52
42
80
16
-67
80
-49
-100
-65
-27
16
74
-93
-66
38
7
27
72
-118
-68
105
-67
123
82
17
-28
-40
110
-35
-65
-35
-31
-91
-40
-119
-46
45
32
121
42
32
-71
107
-115
-33
-41
-51
-17
-70
-30
-23
-51
-24
76
-34
99
31
-47
29
101
-70
22
69
43
-56
-10
-101
83
-117
-53
92
71
32
-115
-27
25
105
-81
14
-65
109
-19
-122
-125
-70
-105
-21
85
-88
-29
-15
61
85
-119
-39
-3
-25
120
-17
-29
43
-99
4
57
-15
-47
-23
-58
-119
-96
114
79
55
105
-92
54
-63
-15
-50
118
6
124
-12
-95
-83
30
-53
-71
32
-67
-40
-9
98
-53
-31
-31
-117
39
-126
28
-43
58
-110
34
-56
90
-46
-109
-88
61
-20
-56
64
-46
-58
13
-19
-60
-64
-125
37
-76
73
113
35
-76
-2
-20
101
-94
9
-89
2
-121
-58
-108
56
-9
-100
-65
-102
32
-92
48
-75
20
-82
28
58
99
126
120
-17
38
-101
-39
-60
9
-70
14
52
-23
-21
17
-105
45
-16
14
-47
-27
69
-93
0
48
1
-61
-47
-65
91
-84
99
58
-79
-17
114
-17
43
126
-83
23
123
62
-106
-118
72
119
-109
-61
42
81
-86
117
-118
23
58
53
121
-27
-50
-71
-94
22
-104
-6
-114
-101
101
34
50
-44
26
-13
116
-23
-55
29
-55
-111
60
-22
126
-94
117
-34
61
35
78
93
-93
-109
104
-98
29
122
26
10
-98
-46
-23
89
99
-124
-46
-79
74
34
114
-113
59
-28
-47
-97
-93
-9
56
97
36
48
-85
120
-30
-111
-100
-19
4
-28
7
-58
106
-54
67
-33
-77
-65
-44
-90
-40
-16
78
63
97
12
49
95
-89
70
-12
-96
-110
68
-45
43
48
-86
74
68
-49
-122
2
-90
67
-61
-89
-24
2
109
24
-105
-32
107
-28
86
-101
-22
-80
117
-72
-77
100
-74
38
54
33
42
-45
-32
14
-100
-16
-12
-18
-124
-28
70
-48
-49
-24
106
76
-12
-50
16
60
-24
-98
-40
-78
26
-43
-68
-59
-121
-105
-18
126
112
1
-85
-35
112
-106
97
-87
-51
52
98
-42
73
86
-74
-126
20
97
-31
-84
48
55
-24
119
-67
-122
-123
111
-20
71
-110
20
121
-71
40
-59
15
86
-44
-63
-64
10
-35
-44
-88
98
-85
-29
101
117
-88
110
-44
0
26
-46
50
-112
1
-78
-14
36
-58
6
120
86
95
-85
-64
-8
81
46
-100
-47
101
-88
-3
-13
65
122
-81
-84
45
122
9
11
-104
-49
-9
-74
53
101
8
63
-30
45
-111
109
109
-4
-3
17
43
14
-34
71
-31
-90
101
116
66
-29
55
34
117
39
-29
-81
-32
125
87
104
105
-56
68
-104
41
-49
5
100
-59
104
-76
-37
39
82
121
66
-120
81
59
-91
123
-9
22
62
-15
-20
116
42
12
-86
-66
-121
96
23
-109
-58
6
78
-124
63
93
-96
115
-43
-63
-125
19
84
49
31
72
45
-4
-104
85
80
-78
18
28
110
6
126
-49
5
-108
93
-22
-62
57
-11
70
77
-6
-7
-78
-122
86
103
45
-112
-116
25
7
120
71
86
53
86
-82
120
-83
-52
-68
90
-67
-64
100
30
-110
-112
27
-108
96
-23
80
62
-17
50
112
-40
106
53
64
-86
-44
89
-104
61
97
-79
-14
65
-86
-87
81
112
106
22
97
18
73
-3
-50
77
-25
36
79
90
2
-101
-18
86
-57
126
69
67
36
-59
4
118
40
-39
-39
-113
-120
64
108
-114
-74
-66
112
-33
-109
84
117
74
43
-109
76
19
71
-91
57
-26
-61
65
4
42
-54
-116
-47
16
-76
29
65
49
-42
92
89
-56
-101
94
13
-52
-43
30
118
105
-2
-20
66
-64
-40
31
-108
-89
-84
-74
-103
31
25
17
-114
-83
62
89
-49
116
-123
2
76
62
123
103
126
126
-88
-49
-86
0
-40
-42
3
0
-63
123
50
-98
-55
31
2
27
53
12
96
61
82
-86
20
-59
16
50
-105
-48
86
-77
19
-74
-3
125
-117
-113
27
-107
119
119
63
122
-112
106
-103
-99
104
6
52
48
55
-62
-4
32
-36
103
-57
-93
-34
-54
-7
60
83
-12
99
-79
-126
115
76
-65
-45
-117
-6
-16
-113
2
3
-58
73
114
101
-16
-2
-17
-2
-113
75
67
-15
108
86
-82
53
-17
62
68
56
-12
14
-74
66
0
-59
3
47
110
-62
91
-99
115
-77
85
-123
47
-40
-8
20
35
50
-122
20
-42
0
-34
38
66
-126
-12
-29
-78
7
-93
102
-57
-64
-29
-4
17
-100
51
-51
118
119
-71
-19
1
86
62
37
59
49
96
43
-14
-50
91
90
8
-87
56
3
-44
-50
-104
-22
0
36
3
-125
32
-88
-62
24
72
114
116
-37
91
-69
12
118
8
-7
-48
-39
110
-17
-126
21
21
97
0
-66
-119
-124
-72
-8
-41
-125
-31
47
-40
-60
103
78
-52
-75
-13
-97
-46
25
71
-16
79
124
55
-97
66
0
-78
-125
1
-78
-105
-36
-13
71
-95
-7
88
-59
68
-14
19
87
122
-58
-5
-68
-44
-47
68
-85
48
65
35
55
53
29
100
64
20
-22
-35
33
98
20
-23
113
30
-62
70
118
5
101
20
-112
-19
-115
-87
-77
-73
-109
-85
-18
22
50
-103
82
71
70
-121
-43
85
-11
-23
8
-88
64
-87
-63
-13
-49
-70
-7
-68
30
43
-117
6
-84
50
-92
-25
-65
-73
-18
16
-57
121
-21
-113
-104
-54
-19
80
-39
80
-75
43
-113
-116
-107
119
122
-29
-81
118
-47
122
-96
37
86
63
-78
28
37
-99
115
-76
123
14
63
123
73
123
12
-47
-106
-31
-86
0
-68
-55
45
107
59
-61
66
-126
-112
-83
-115
112
40
111
79
44
-58
-64
67
-50
-116
-62
-10
-105
-102
-48
61
67
43
-67
-39
49
78
34
-31
-99
-45
-30
-34
5
3
-94
-77
-109
86
25
123
-55
-4
112
78
26
13
-29
63
35
-18
-116
69
120
-39
25
-39
126
-46
-86
72
-93
-120
4
82
-38
-87
53
73
102
-17
0
-11
44
-57
-85
-18
0
72
91
40
-15
28
-53
-31
83
68
-9
26
22
2
100
-116
-101
97
-21
102
38
-5
-9
-94
-59
8
8
106
-28
-10
-69
24
65
-38
109
-69
-6
-98
-75
-8
-122
-56
-44
40
71
18
30
-124
-34
101
0
0
46
-72
-48
74
38
3
-4
-52
114
101
6
-93
-67
-16
96
64
43
-65
44
-36
64
-107
103
-43
64
-38
7
2
-70
-62
24
91
-5
17
-48
96
105
-69
49
95
30
58
-62
103
23
-119
64
125
27
-27
-102
118
-3
-3
93
118
-59
14
124
8
34
8
37
79
21
-21
-39
-75
-118
-64
81
28
-104
16
-96
-106
-118
-95
-107
-26
-67
-65
-116
-111
31
-95
8
38
-32
-122
-65
-10
119
114
-14
118
69
10
92
5
72
-111
8
-54
-74
57
-108
-48
-126
113
19
-50
20
119
124
-11
-60
-86
26
-18
-88
90
-99
-58
46
13
-43
114
68
85
20
65
-1
-49
-64
62
50
-12
-125
119
104
-81
101
-84
-2
0
-107
-67
95
1
96
2
-21
58
59
72
-110
-12
109
29
118
9
-75
-70
59
124
80
-94
100
-95
-4
-34
89
-84
-43
77
-44
45
67
121
-109
-111
119
0
-18
-112
-52
92
113
-118
91
-57
-93
-15
-88
80
-112
50
-51
-109
-18
-1
-7
118
-42
-90
-1
16
50
11
26
121
-56
102
-119
33
31
-71
54
33
-16
-79
-10
99
-90
-101
-58
-58
53
79
30
107
120
96
-119
28
120
-13
-99
22
-79
-1
108
-13
-4
8
-10
112
-39
70
-30
49
25
2
-2
-45
51
-107
14
-40
-38
62
-41
126
114
-24
-110
58
-65
62
45
-125
-117
12
18
63
112
-108
35
10
7
54
96
-33
-68
9
94
6
-114
-91
96
-113
66
-89
-44
62
-61
-76
-123
17
-85
-63
-72
-86
104
7
28
29
104
-1
33
75
-12
34
48
95
6
117
-26
73
45
-1
46
102
22
-98
6
-126
120
37
21
-24
-115
109
118
83
19
-45
-114
-33
-41
86
107
17
-17
123
109
24
82
86
-14
110
-108
122
