-118
-120
-58
0
105
11
-17
-75
-9
110
-119
12
-2
2
-114
-111
-27
-111
41
-70
109
87
50
76
92
108
-107
20
-124
-23
36
112
-78
98
58
-15
-90
-88
-35
-42
-68
123
101
73
33
19
32
-101
-35
98
-7
-75
-70
-118
104
-39
23
-16
70
42
33
-30
-1
-117
-44
-65
107
-21
-15
-16
104
30
-57
108
-80
-75
97
81
-87
90
-119
-23
98
13
-102
28
-90
-40
71
75
-33
-8
-79
-41
125
-54
50
-30
-21
-98
66
79
10
121
-15
-75
62
115
-38
-38
39
-7
-36
51
-115
90
-77
57
87
120
73
125
122
44
-125
25
23
-2
-103
-78
73
67
-113
41
-117
-95
56
-40
90
-125
-74
-74
-35
37
-110
-11
89
63
-37
-3
2
61
-35
-101
95
-57
59
-11
41
-2
-53
-95
-94
-90
42
-49
123
14
56
110
32
-101
-78
-30
-87
25
-96
96
-17
97
-107
103
-80
-29
-106
-73
101
0
77
-107
123
-95
9
-84
-6
3
94
115
-63
4
-95
24
3
56
-116
63
-106
-116
-84
55
28
97
-126
103
105
98
87
-13
119
84
100
10
-73
-74
-122
76
-49
30
-54
54
-18
119
-84
109
67
-109
125
-110
68
-94
-119
-74
-30
-40
-35
-62
-71
-16
-38
102
9
108
-25
65
-42
0
-48
125
124
34
-32
4
-43
14
-99
4
100
-123
-70
103
112
-9
-84
-122
-35
67
-11
11
16
-33
7
29
-114
29
102
-7
-87
41
93
-91
-57
-90
101
-97
-15
18
47
89
-87
-107
-43
39
89
-122
-90
-60
-54
14
-93
-82
82
-81
-115
12
-18
91
36
-76
67
-63
-5
-114
59
-99
-25
-118
-28
110
25
-39
-126
-23
79
-8
70
-88
-103
-15
-12
119
-66
-51
63
-11
64
11
7
56
121
-69
123
37
61
102
-61
83
40
13
-19
-88
120
-59
15
57
4
-66
-7
11
-76
-21
-77
-101
-99
77
-11
92
-84
-51
32
-41
94
13
92
-107
9
-67
1
106
-84
41
94
-53
84
58
-98
-45
-94
19
33
-81
-90
-31
-33
84
-125
-55
89
-96
108
-43
91
96
-40
97
-93
7
-4
98
-29
-55
22
-115
30
113
11
40
8
126
29
67
-26
-48
25
81
76
80
29
125
-88
111
-57
115
54
7
109
18
45
65
-22
125
1
-111
-64
-118
17
-72
-41
62
71
-113
55
60
67
-18
48
0
65
-15
3
87
-45
-120
0
-66
0
-12
-78
29
-125
-67
89
110
43
32
17
22
-98
36
53
-17
-31
-62
-21
-117
-98
-69
-12
-21
-15
73
27
-41
12
-118
-9
124
73
62
-91
27
53
-95
