2
62
21
-22
-112
-101
-117
71
-113
19
120
-110
10
100
-71
94
17
-60
84
122
-57
-69
61
-16
-37
116
-44
-24
-108
30
-101
-28
81
-81
-50
122
95
100
124
-57
107
-45
125
28
-11
-5
72
-48
-108
38
-94
11
-27
99
-100
-7
-120
-77
88
-40
77
113
-117
-89
-48
-105
-108
-104
-50
-99
-15
88
30
84
42
-3
51
14
102
-4
54
-119
-120
-81
126
-25
78
43
-48
125
4
110
-114
31
-121
39
-7
83
-57
-93
10
-85
50
-72
124
-11
100
-116
44
52
52
-78
-53
-122
-3
-22
-98
41
-78
-115
-59
-53
23
97
43
78
61
121
51
-9
-2
52
-63
-92
45
-99
28
99
-39
-63
2
-38
122
-75
-99
-57
67
84
79
26
-50
0
-55
62
-76
-31
96
91
36
-121
10
-14
54
-43
56
-6
-94
-118
121
114
39
-14
-50
-11
-26
123
-70
-67
40
81
-17
95
-95
13
-57
-5
11
78
-11
-118
-84
-68
89
-37
23
-88
-92
57
81
119
62
-70
41
-123
-47
-62
54
-24
33
79
52
-65
71
21
73
-106
106
64
-90
1
116
-70
114
-43
-108
29
30
49
64
-68
77
-100
107
86
27
-90
-72
119
-123
-11
2
-95
-21
-81
-29
-126
78
-126
98
58
-119
-15
117
41
-108
-123
-20
-70
-33
9
-88
93
24
5
-96
-85
-32
7
-56
11
104
121
-18
-73
-4
39
43
-54
-58
-124
-121
-85
121
112
-61
41
-65
51
-97
-13
54
-108
-19
66
-20
115
61
6
47
-107
31
-43
68
-29
13
63
-125
-38
-71
-76
-107
-51
24
-93
57
-14
-106
-46
-119
-70
23
13
-117
-78
-18
124
-22
-3
-69
109
-39
37
-23
82
109
-35
101
72
55
-49
114
84
-86
-58
3
63
-78
-87
-44
-74
-103
12
59
8
-10
-120
118
-43
86
-59
-64
72
-16
65
-109
-25
105
24
3
-17
-81
42
-31
-47
46
-61
7
100
45
83
67
-86
-28
5
-108
79
-114
39
-114
113
-41
-64
113
28
13
-48
6
-126
42
1
55
26
-122
-29
73
9
-53
-62
-7
106
-95
-13
-55
108
-27
13
-122
119
-114
84
-108
-91
-102
96
-91
68
-124
-51
-22
95
63
111
-45
58
-90
110
1
95
-51
26
-11
-33
-54
114
-111
109
-48
-34
-109
-7
-103
50
-111
-117
-97
88
12
-83
-107
10
-55
-53
18
102
82
-6
119
-113
-111
102
107
65
-100
49
122
118
85
117
-48
46
-113
-36
-21
-1
97
-42
-25
71
-125
-125
-83
-25
86
-63
29
-52
42
-10
29
-18
-12
-100
2
116
69
-126
-50
2
-105
107
60
122
