-31
-48
50
-122
107
114
111
27
-45
68
-52
53
-82
-23
44
-103
-95
-126
27
-53
-56
-74
60
26
-38
12
49
-17
121
-12
-64
38
29
73
-28
-38
116
77
83
123
59
71
120
111
-23
75
-24
105
-112
-16
-14
46
3
-56
-53
-84
5
24
84
78
-13
1
-94
60
101
9
-94
-74
-67
-28
-88
-59
63
-51
-68
36
-87
-47
-64
-24
12
-21
8
47
-123
-80
-32
57
10
22
7
108
105
-119
69
32
71
43
-121
112
119
72
11
58
95
18
-25
15
-17
53
-126
-44
109
18
-1
78
81
107
-32
-48
-81
-8
-4
-71
-8
21
-41
-95
84
-88
-21
79
-124
-68
93
-65
27
-107
68
-24
-39
54
100
29
-4
-112
26
34
12
-51
-45
47
-97
-117
68
-56
-77
-24
83
-32
0
-87
59
-47
44
-12
-120
19
-58
73
-23
-66
111
-29
-19
53
-57
100
34
-82
-78
-52
56
59
71
-48
43
-71
-115
53
111
-78
109
-27
-48
12
27
-125
84
70
88
21
-122
75
-120
-13
-78
100
126
-46
51
-75
124
-29
-24
63
-78
87
4
125
42
-108
99
-19
86
-10
-64
14
25
33
86
-1
92
12
68
89
-115
38
64
39
85
-97
-98
27
-60
103
-36
79
78
-100
9
66
-62
62
-51
-59
-42
-81
-61
40
-9
24
-77
-43
-81
-39
-85
8
102
-102
-6
126
-53
124
-78
59
-63
-28
21
-93
-31
69
52
-72
-31
-121
122
35
65
114
1
76
85
-120
-8
-84
94
8
90
46
79
22
-36
81
-122
95
-90
53
120
98
113
-32
65
-93
18
111
88
12
83
0
12
-102
-14
101
-108
-61
3
11
-111
110
1
-75
-92
122
98
-64
48
-48
100
83
-110
-34
126
-123
73
-30
-95
59
13
54
35
-71
-106
-78
44
-79
-116
-80
-51
121
65
117
33
-26
-67
2
97
116
84
62
107
88
26
121
83
47
-96
121
28
122
-53
116
118
97
-5
-20
69
13
126
23
64
-51
52
121
-16
-50
-47
-87
-39
14
39
109
-97
-33
121
-3
108
6
-113
-123
-23
121
30
-96
114
46
2
103
-90
97
-18
5
32
-123
-68
29
41
-113
-62
117
-57
99
106
-71
27
-87
56
8
-126
-1
-27
5
85
-56
55
75
-79
-69
-28
-105
92
-22
93
21
-50
37
-107
-89
-15
-73
-6
-22
11
-20
66
109
32
-1
-36
-117
83
64
-54
84
-119
-119
-77
44
9
100
34
-125
5
-111
71
-44
41
-107
-60
79
-99
-98
63
58
61
8
13
51
-41
8
-68
2
-98
124
-109
111
68
-39
117
97
126
-81
108
52
-110
73
-31
16
110
95
101
-84
-102
-73
-104
-56
122
104
57
80
44
31
-32
-22
-49
64
-98
75
-45
27
-108
-45
10
-117
106
14
35
108
-10
59
5
41
-109
-18
57
-19
10
86
73
93
34
11
-74
40
-41
-2
-7
80
40
53
-53
88
13
-122
113
-70
-97
21
-15
6
-55
-68
89
-11
35
79
-104
-7
-107
-121
106
47
-28
3
119
-16
-120
-96
-96
3
42
39
-11
-108
-62
-7
38
33
50
82
11
49
-32
63
-69
124
-95
98
94
-69
-27
13
-74
119
49
-123
-50
119
16
40
-112
-106
41
30
30
26
50
123
26
40
-33
44
70
117
-24
36
40
-106
5
103
-76
-112
73
38
-21
122
54
-31
51
95
-95
71
-74
-126
20
117
-12
-16
107
-118
-104
7
-78
-68
4
25
-125
-64
54
118
-86
-85
-2
-85
126
-34
-110
124
98
-52
41
44
66
82
-1
-39
23
62
-43
16
-48
17
22
35
-10
32
22
121
34
-69
-33
36
7
-45
-52
108
-120
103
-49
28
75
-81
7
-84
-53
-94
37
-95
122
-106
-82
-39
-12
-24
27
103
0
-29
-113
101
-23
112
84
-72
-89
70
-93
-60
-126
-124
56
-86
126
0
-45
65
-105
-27
-108
31
115
-8
-44
82
121
7
10
-94
11
63
-100
116
110
68
-23
-66
-29
122
-39
110
-120
-59
-72
121
92
-93
21
76
117
-126
47
63
3
-87
-39
-103
-23
-8
-1
-54
21
-113
93
92
-79
-14
-44
-111
-45
77
111
112
124
-8
79
74
-16
45
-62
116
-126
-27
62
-28
-58
-9
96
31
123
29
-91
108
-83
-118
-56
78
-46
-21
25
-83
19
91
-19
83
-10
113
11
-112
-60
90
-7
6
-25
-34
57
53
-47
-90
2
30
11
22
16
0
-49
-76
101
73
5
-78
91
9
-84
93
39
-119
-5
111
-59
-54
-65
74
-16
74
-49
-9
-96
16
-115
54
23
-37
-46
17
-100
44
-62
-88
72
116
93
44
-76
116
-39
122
47
-66
-14
101
0
-23
-7
-23
-60
-32
44
-54
-43
71
-120
77
-104
2
78
33
-80
56
-26
113
-48
121
-87
1
-124
-28
-18
-91
28
58
109
95
-53
-98
-105
58
75
11
-101
89
-9
10
78
0
-19
8
33
-99
-82
84
-106
-17
-121
-37
61
-20
87
-48
42
-21
-24
52
11
81
-116
-82
-102
-60
0
31
42
111
-72
51
75
46
-44
122
-39
109
-66
-8
-11
24
-4
67
-24
17
-63
-113
-105
-39
63
37
64
117
-32
83
-61
-48
-64
-57
76
-18
50
-86
-107
-27
43
87
-52
116
-90
50
-44
101
-99
-13
-87
98
26
-87
-51
-54
107
38
64
-92
110
-106
95
-44
-74
89
-105
32
-57
-84
-57
-90
-44
103
-8
-43
-89
15
120
32
-121
0
-93
-20
120
47
-29
63
23
71
-53
-95
-52
-108
47
-59
41
73
-91
39
-22
53
-29
-55
123
-103
-40
78
81
-26
-117
-67
97
-67
-27
43
112
30
56
66
50
-25
2
-124
57
-18
44
106
93
97
-14
64
8
82
29
-43
-118
75
51
-93
96
-80
-46
48
63
9
72
115
-6
-90
83
-80
-57
5
80
3
-98
17
107
-59
99
47
-82
34
88
114
-63
-41
-34
-65
4
-38
-112
98
36
78
103
-75
73
59
61
-117
-77
-108
-53
-86
50
-38
61
-102
-6
76
-12
80
-108
85
-75
-56
-7
-76
-65
78
64
-87
107
81
55
28
55
-57
-34
114
119
124
-86
-122
2
39
17
8
-82
-98
-89
100
65
-45
-59
-112
106
-104
-73
-117
-90
-26
-64
-61
60
116
114
40
-8
-29
69
-27
-54
115
55
-4
-42
-116
33
72
-104
15
-24
-91
-30
-123
-95
1
34
-103
126
1
23
61
5
48
-50
-48
-49
-25
-76
-100
-14
-120
17
-1
-29
-84
32
-34
51
80
-98
21
-84
44
-112
81
-102
-67
-82
72
75
-85
-123
74
39
-78
71
-67
-90
0
16
-50
79
-41
-57
-97
-117
-45
20
-116
-109
52
43
91
51
11
16
-96
15
0
-37
72
90
76
17
-117
-102
4
19
78
-109
-71
44
-10
-86
44
-51
33
65
-99
10
-73
-43
-68
85
113
-20
-116
12
-106
40
-102
88
-84
12
74
-124
84
11
77
-90
-86
70
55
108
-121
-10
27
78
-5
42
114
92
-111
-71
-70
-85
31
62
-117
-30
-119
-86
48
-119
83
-71
-15
2
70
65
102
88
78
99
-17
92
67
-72
-63
-102
-106
72
92
66
-83
-3
98
10
-65
116
-37
121
67
-58
-82
80
78
-124
-49
4
-116
-21
58
79
-121
76
-30
-126
-97
-47
29
-22
-78
92
76
-93
96
54
-80
-118
-110
-117
-109
44
107
3
-119
0
38
61
18
23
51
119
26
62
-92
4
13
50
-1
93
117
78
-67
-67
-126
-23
26
-84
-93
54
25
-3
102
-115
-49
13
31
30
61
55
-31
-61
-102
-9
24
77
108
5
-70
118
44
-112
-93
-126
33
36
-40
-23
-79
35
-80
7
118
-74
4
66
-66
-117
25
67
36
25
-88
86
-82
-26
92
-18
111
21
-52
-41
-97
117
100
-79
-81
-98
37
-82
-62
-51
11
-96
-71
-46
102
-16
101
-12
-76
-10
-11
-70
121
-47
81
15
-125
-81
83
34
39
51
-47
-19
-53
104
-34
68
-105
82
12
4
11
46
51
-123
46
-14
46
115
25
120
-90
-9
108
-93
-71
98
-23
23
52
25
6
-88
-93
98
122
100
56
48
-8
-30
-57
61
114
78
-27
-25
-2
75
5
-70
-57
-78
99
-109
-26
-102
-82
-55
17
-121
-1
-70
69
83
-86
-69
21
97
-83
65
28
28
-15
-48
-41
-47
-69
-39
-53
119
-66
-50
-43
-14
-13
2
-11
-80
-3
-4
-10
-6
-62
113
-51
63
-114
27
-120
0
-34
-3
46
104
-75
-48
-23
-99
-5
-48
58
64
102
-15
86
-40
-10
79
-75
-28
-59
99
91
-9
9
58
-42
45
91
-42
94
-107
-118
97
10
-102
-71
-20
-36
-121
-109
-73
-2
-104
-87
111
-74
35
79
-20
-104
16
-52
-20
54
86
57
100
84
113
-24
40
48
-1
-45
-56
-109
-57
120
62
-74
37
109
-64
27
103
14
125
-2
-107
-125
-124
-57
-52
-38
-41
-10
40
-28
122
70
-47
21
44
-31
-115
-91
-83
9
48
-90
46
-90
-78
-39
64
89
125
112
9
66
-74
-12
-33
119
48
19
-98
-32
124
26
21
9
73
63
-94
0
-61
1
-105
111
15
106
61
96
-45
-55
-115
-116
80
64
-105
-16
-65
89
-72
72
-56
79
-61
107
76
-45
-78
-72
1
-122
-60
43
65
98
-26
-44
105
-35
-27
120
125
63
-64
-28
-33
-29
20
33
107
6
-115
-111
79
110
-82
-98
65
49
-117
122
9
38
44
88
-102
12
-79
-84
-10
63
107
-76
-46
-91
-86
91
-121
8
-66
0
-42
66
124
-71
-89
-76
125
77
-98
-16
111
-17
65
-33
-87
53
25
96
-104
44
-28
105
-58
92
-29
15
-104
2
-34
9
-31
19
62
-86
34
-99
-114
24
-22
-102
3
-91
-89
105
45
51
6
122
-72
69
-97
-83
-61
21
91
-83
-98
-78
46
83
-117
55
-55
-95
0
117
100
-39
-111
-79
15
34
91
39
-78
99
-52
-37
-2
75
-36
107
7
-23
79
60
-6
15
-102
33
75
-108
24
56
-117
-9
72
-18
84
41
-39
-14
80
121
-87
-23
50
-59
106
2
-6
-122
59
-72
41
107
86
110
-110
-116
-11
-71
-44
33
-40
96
-32
-39
13
-91
1
-65
4
26
44
110
-41
62
-55
59
-113
-72
-8
25
-70
-118
66
-28
-126
42
29
13
39
-25
-117
-37
-85
7
0
-59
-48
-33
82
-108
0
126
18
102
-95
-50
-40
-94
-77
49
93
108
46
31
90
112
48
50
122
-53
-28
-110
-17
98
-28
-32
120
82
121
-19
-29
-54
-33
-21
61
-71
93
-49
110
67
52
53
-39
-88
79
-18
18
9
91
-20
59
-110
-32
98
20
-115
31
79
3
-108
62
119
-48
-1
-83
-19
-113
0
-27
115
27
71
38
102
35
11
125
-15
125
-52
96
-83
-125
34
-68
44
119
-94
25
-48
92
86
101
-23
-100
-88
77
59
90
121
82
63
-64
-6
34
-94
-12
87
-92
8
0
83
-30
27
-45
-111
-43
50
-39
-56
-122
51
35
-102
45
-80
-3
95
86
7
81
95
-9
85
104
42
40
76
-59
20
3
81
28
26
-104
-116
-8
-117
24
-112
10
80
-29
19
-89
-57
-99
-89
-65
79
-32
80
75
51
24
-40
48
-120
114
-62
-79
-16
30
122
86
-57
42
64
-50
-65
-24
-125
-35
24
90
23
-62
36
90
102
-112
118
89
68
34
35
-31
59
9
-21
80
-109
76
22
126
32
3
-118
20
-28
33
46
-31
-48
-32
-41
-102
84
-69
30
-111
-90
-31
11
115
-110
-115
91
30
-86
-97
-63
-3
-22
-125
-115
-102
29
36
113
105
-62
-117
-116
-61
20
74
120
-99
-89
15
-90
-80
125
-69
-47
-26
-66
-16
97
51
70
38
82
112
-24
92
125
-98
-19
62
-48
-68
48
55
-125
61
29
-46
126
-105
0
85
124
91
-35
-104
108
74
-122
66
104
-35
-96
65
41
73
-17
-15
-89
80
-7
53
118
-23
-23
-40
34
-43
65
112
78
-66
-50
16
-91
57
-58
52
-57
0
44
-34
-80
14
-18
-51
92
-109
5
35
-105
-19
-4
28
48
0
81
95
45
-86
-69
90
-116
40
68
-122
-100
-55
-73
117
83
-8
-35
78
-50
-46
121
-71
-14
-93
42
-108
23
-19
77
22
0
10
-24
-11
110
89
-8
-68
108
-86
-62
-104
-55
53
-1
50
124
-113
-9
61
25
19
-8
-25
46
-10
-84
95
-123
-19
71
41
-125
-14
-118
-76
25
-33
-2
-101
31
-100
25
-94
-51
63
19
21
-19
102
108
57
-9
-121
-48
-2
-10
4
124
16
21
123
-108
23
67
74
-43
-109
23
84
-72
-77
18
-58
-6
71
-41
3
-24
108
-21
69
32
-105
48
111
-122
65
26
23
-103
96
73
-1
-124
54
29
56
124
54
105
-25
81
73
83
43
56
87
2
-37
70
11
-78
-30
47
63
81
-115
5
109
-65
39
73
34
48
120
110
71
-119
61
-86
-47
124
-109
-105
6
-20
-17
51
-103
-81
46
44
25
-51
-66
86
-100
-2
-37
7
-115
-94
-82
-109
10
-54
112
13
80
-15
23
61
-24
-125
16
56
-54
43
24
33
-88
-49
85
27
-15
102
3
66
79
70
125
91
-54
-126
123
119
-108
85
-59
-60
117
27
-108
68
63
-62
-90
62
-121
16
124
112
-50
76
105
114
-14
-80
92
-20
49
7
-109
73
82
107
-95
100
-51
-67
121
2
-52
113
102
58
-82
-3
-9
71
22
-106
-109
25
-36
89
28
-49
91
34
-55
-23
8
58
0
-26
44
30
43
118
57
-45
-88
-95
51
95
14
106
-26
-64
-21
-14
28
8
63
-7
-3
-51
-108
81
43
-18
108
-47
112
81
90
102
6
85
23
-31
-86
-65
55
45
53
-87
-100
73
97
-72
119
40
-46
107
-60
39
-107
110
60
16
-23
65
124
-118
-73
-110
-68
-119
24
41
23
55
4
74
-43
78
-44
-64
-110
-57
49
15
-118
-123
-33
-57
124
84
14
99
-81
86
-122
-82
7
-94
-93
93
-117
-46
-9
100
113
-40
51
66
-78
18
96
33
-66
-87
-44
-55
-61
-100
56
121
-46
26
-62
113
112
11
47
112
-48
-81
89
-89
100
0
107
-34
-37
48
-17
-57
103
75
99
-80
15
-29
10
9
109
92
-7
-88
-7
85
-68
102
-23
3
52
-31
35
-98
57
39
-11
78
81
-53
70
36
-108
-95
-42
-23
97
-2
112
-13
-67
-123
69
110
45
115
-37
-122
-92
100
28
90
-51
-83
-65
11
-90
-41
-66
-34
103
32
-55
93
2
-91
-23
72
-66
-73
-99
48
-60
-64
82
123
-66
118
-22
17
-116
68
-101
-49
-8
69
-111
-90
-29
41
-2
-4
43
-25
99
-89
119
2
125
-101
-116
-24
-11
46
-54
121
-63
-109
49
-2
-12
-67
-53
-24
71
15
88
53
-90
116
-9
121
-120
-119
-79
-116
-20
63
94
-93
62
43
109
98
95
10
32
0
-72
115
-97
111
1
-31
-41
-114
63
34
10
107
-12
66
117
88
-111
68
116
66
-44
61
42
117
108
-55
110
20
29
-56
-101
122
52
-2
102
-90
42
-34
23
49
-87
-79
115
-93
55
-25
97
-24
-109
54
67
92
10
-36
49
-36
-59
14
-48
85
-97
-86
89
86
-27
107
44
55
108
95
-55
-26
-122
95
39
-84
-49
-92
-2
42
28
-13
1
-100
-42
-44
-125
-25
75
-55
-26
75
89
-118
-69
-110
-13
-59
-109
-26
-118
-55
-63
30
-102
51
-70
-47
-122
125
-86
109
-74
-3
-118
-119
-93
-69
-69
-56
53
64
-12
56
-81
45
21
15
-21
31
30
-32
-46
116
89
23
55
-35
-111
39
120
-103
-74
-112
-92
28
-123
-45
-28
81
-29
23
-80
-92
1
-35
-79
-89
-85
0
-114
12
19
38
12
35
68
34
31
13
-57
-18
-17
-126
62
92
-46
-69
65
-90
-23
-21
69
56
-68
72
-78
-60
6
-97
105
44
-90
-31
69
-26
70
69
89
5
81
-32
-2
-41
37
-105
7
-14
-91
47
-110
-4
-77
-82
69
-83
15
24
26
-90
-63
-72
-37
79
-27
18
-12
-62
-80
88
121
78
-20
30
56
111
52
85
72
1
-48
40
-107
-2
-50
0
54
98
-27
-33
-95
-70
48
-28
-30
114
-71
-107
-101
55
101
62
98
-79
-8
-86
-76
115
-33
-69
-109
59
47
-14
-98
84
42
-40
52
34
-44
-98
-55
15
-60
-71
-84
64
32
36
-44
-11
97
-104
-120
81
80
-62
-76
32
108
-114
-99
-94
-93
-41
3
-119
-8
17
-2
-45
-84
-17
21
-21
-43
-51
115
95
-113
-76
44
44
59
18
-28
50
113
106
108
-111
-120
-60
33
-42
-36
118
-2
75
113
-50
-56
-40
71
85
-30
18
-116
9
108
-49
-77
-85
-3
-15
16
-46
-34
118
80
-61
-44
15
7
-42
-68
-126
65
35
118
-27
-55
-64
26
110
110
-99
43
52
-82
11
-116
48
90
78
55
-116
79
-73
22
-55
53
78
109
126
-38
21
-75
-94
-58
46
-21
118
-25
-114
-87
3
-92
34
125
51
125
113
98
51
79
26
82
-47
-98
-63
69
-88
-107
98
56
-97
-51
8
-32
-28
-75
72
54
98
88
38
33
-123
-3
63
-67
-122
-108
58
1
-33
31
11
16
-124
-95
98
13
-57
-32
110
117
104
107
-67
118
-2
-105
-39
121
-98
28
26
18
-66
3
-107
-5
-123
-91
27
-62
-22
-1
5
94
-98
-28
-31
-41
99
104
90
-118
116
-35
32
-16
5
2
79
-22
0
122
-15
-73
-77
-121
99
93
-48
113
-41
34
27
-96
32
47
-75
-89
-99
-88
-95
51
-33
-54
64
-83
97
-50
-55
123
-116
-89
-81
-29
126
-45
-11
111
-15
-17
-97
-105
-105
-86
-94
7
12
74
73
-71
116
-8
-46
-51
-40
97
-110
-78
62
-125
34
67
26
-103
97
-68
70
-115
-5
-88
-52
109
24
85
62
-84
92
104
91
44
41
80
33
-109
-27
33
-92
38
-58
-33
92
66
89
51
-80
68
-53
63
-55
65
120
-37
50
53
-80
-119
-44
48
75
-2
-23
-34
-68
-22
-123
97
-82
93
117
105
51
28
-87
-31
114
-105
92
-85
-32
89
-37
101
-67
98
105
7
112
93
-66
-56
-46
-41
32
-61
92
13
0
80
64
-64
-73
-42
126
34
-92
-98
-116
-3
5
16
59
115
6
79
-7
25
12
-20
106
70
46
91
23
-66
101
-126
-66
59
-40
29
80
106
77
66
-14
75
-57
4
43
28
-93
-21
118
84
-33
27
-80
42
105
5
-8
-61
120
19
98
6
98
-53
49
-68
-125
52
125
75
8
-104
-52
112
-46
-54
-84
-93
-92
-90
122
-7
81
122
-6
-14
-31
107
25
57
99
33
108
106
101
62
12
111
0
-120
-74
-25
-24
-108
-87
-62
39
-103
123
9
69
-122
-35
98
12
-108
-21
-46
44
4
-42
-41
-122
-94
-67
-29
-77
61
-5
-72
59
95
-124
47
124
-77
-50
-102
39
-18
-115
118
-16
122
46
125
-56
-47
-30
10
-54
84
-119
93
-104
103
-10
116
-33
-60
81
60
84
69
109
107
66
-2
-122
89
-125
-11
-107
-108
125
2
101
-16
-91
-61
-29
-104
67
97
63
5
-43
-20
63
28
43
58
115
-43
4
-57
80
-2
-16
-21
116
67
-113
90
119
87
-86
-15
37
-16
-121
-16
-14
-5
-106
-123
20
74
76
7
-108
-108
-37
90
32
81
-18
86
-81
66
-45
42
-2
74
-85
39
-98
-7
80
81
30
33
101
-78
102
33
119
60
124
-46
64
-27
17
47
-121
-3
-51
95
-8
42
8
108
42
-118
-121
-12
-114
-104
58
-84
-30
64
95
110
-77
8
73
57
-57
22
-85
49
114
-56
99
-62
120
-14
-5
89
-87
7
64
87
125
-63
-37
35
-96
-18
-65
-121
-98
-65
-69
-37
-99
119
-89
-122
-55
115
-35
-39
-118
-19
14
94
10
-31
-102
31
117
33
-26
97
-12
82
-120
1
83
84
24
90
0
-117
9
88
117
-34
-26
48
-106
109
-65
-37
89
95
-55
71
-15
21
78
-10
39
-12
-109
66
-90
99
42
-53
-125
-77
28
-115
17
-9
-101
-80
15
65
40
53
99
-87
-69
-48
78
-43
-43
-72
-102
98
-32
81
37
17
64
-24
-1
-110
-45
-91
-71
121
-42
-31
-63
-55
118
65
2
-66
-98
41
-19
41
83
-89
-73
122
88
-70
-120
-11
119
-64
-42
8
-85
66
21
-61
78
124
-102
-108
-37
99
53
7
-51
-13
19
69
-42
25
-74
55
-126
-124
26
-32
-70
11
-91
36
16
-82
-15
48
-109
47
-5
11
-113
-27
49
31
-81
57
51
-35
48
-10
-118
-114
34
93
111
42
-3
-111
-94
-74
-19
-18
-99
91
-65
74
-34
-120
42
64
23
-126
-14
-40
79
95
17
115
101
97
12
-82
125
-46
-17
119
83
69
-88
-37
88
-65
-44
-4
51
-27
12
96
4
-122
103
-100
-120
12
-85
-87
-33
-117
95
-16
-64
-122
-25
122
65
-65
11
-21
115
-109
-42
41
-100
-103
-106
7
-93
-65
84
37
47
-4
85
-49
102
74
11
-54
54
-102
-31
38
-47
