84
36
117
-115
-23
-107
5
22
-105
-68
-122
25
32
-14
78
-51
46
17
92
9
45
-15
46
53
-87
-92
-47
67
41
-4
-98
-82
-68
93
22
-43
-117
-58
-45
33
84
-81
89
-49
-75
57
-98
44
51
-68
43
-20
3
126
107
-108
-101
-120
-122
75
-109
-125
-103
-88
-94
68
-77
-24
107
-122
92
34
-90
-114
-51
36
-99
70
31
-25
75
-56
27
29
-120
41
95
28
-84
118
-2
15
52
-20
-20
83
-3
-63
-57
116
-22
99
-48
1
-125
-66
29
77
-104
-40
122
-29
-17
37
79
10
-78
66
-87
-34
-4
-71
36
-82
-39
74
116
-71
-114
-18
-90
-118
-29
32
69
77
-7
-120
102
58
-71
-6
-50
-96
-24
75
-48
67
-105
-103
-24
84
72
-74
-53
-50
33
83
-98
48
-15
-65
-116
28
-32
56
-19
-31
61
-93
-75
51
123
-88
-54
-60
110
-52
-108
21
119
1
-39
23
5
-96
-67
60
-83
-20
100
20
-62
-117
-72
-72
37
-116
20
106
-59
-37
25
111
-29
89
-48
-69
70
-25
-88
37
-28
3
106
95
107
0
-36
-119
31
-58
-111
72
-85
-87
-121
1
-50
-27
78
25
86
-96
-49
-78
-123
-88
0
72
-52
48
58
4
-59
95
-40
-84
-97
81
54
-119
77
-4
-85
-36
-126
9
-122
91
-35
-95
-124
31
49
-95
61
-42
-81
-45
94
41
13
31
-61
-54
126
-79
-73
75
-73
-96
35
7
70
-90
41
-106
89
-48
-113
122
91
58
2
87
22
95
43
116
119
105
-33
-96
-16
-89
3
-84
11
-5
29
10
-27
14
82
83
109
107
-119
-102
-86
-27
-34
-3
117
-16
-84
-37
104
-42
-64
121
-34
-33
125
15
53
-54
54
-105
5
80
-74
-73
-122
-122
-19
-41
-102
45
80
-7
76
-110
42
0
-122
73
-12
-107
66
-8
-93
-77
-46
25
97
-97
-88
61
25
-62
-49
98
-52
-65
53
54
-92
-84
33
-120
70
75
-75
24
-61
-65
48
-60
12
-34
-113
95
25
109
89
20
-21
-66
25
-4
9
77
-99
23
116
-52
-14
70
-48
57
4
114
110
72
-23
77
-103
34
-120
84
-13
21
25
-34
24
20
-82
116
-50
-50
-105
-42
28
-37
-102
36
-95
85
38
85
-118
-47
-17
-24
50
93
-76
44
102
98
17
25
-118
55
-70
12
94
-64
58
32
40
-79
103
20
52
23
-11
-87
41
68
-49
35
-68
53
96
95
111
71
-83
111
-60
-103
-17
-39
-79
115
84
-14
-116
-53
-41
-41
-91
98
58
14
30
104
1
-65
-2
119
-119
29
60
72
-62
-123
-102
-85
