-80
-96
-102
-43
-16
-83
92
94
-98
57
2
-70
83
-42
-80
-76
90
40
0
19
-122
-126
40
-60
-19
105
68
-61
108
3
27
-21
121
92
107
59
-43
8
-110
30
46
-87
-17
-17
-51
38
-106
-81
-94
-22
13
-70
120
15
36
-37
79
-77
55
12
-86
-86
91
-32
-69
54
87
50
-69
-65
79
-40
125
75
-99
49
98
-88
30
1
20
35
42
-38
-68
119
-80
-15
-103
75
81
105
32
53
-87
21
36
115
-89
106
117
-122
21
51
72
111
-112
28
34
100
72
51
11
3
-47
7
117
107
96
-35
-5
-16
-126
61
-40
0
16
-23
-32
-68
-12
-77
70
28
10
10
114
-50
19
53
-72
17
-77
72
-76
62
-70
-96
-77
-49
109
66
63
-16
103
-116
-40
38
57
-41
87
100
11
65
-80
-91
-30
-86
-35
-22
26
76
67
80
119
19
-19
104
-72
21
32
14
124
-10
-103
-103
58
66
18
-22
50
-30
27
-38
-62
37
72
-15
-81
53
59
106
16
-45
61
19
16
-105
38
79
-112
89
-2
126
-125
66
115
-125
-106
-86
54
0
74
-34
-80
-29
-64
-122
-91
-23
-70
1
-10
114
-76
44
65
-14
28
79
51
81
-50
38
-29
-80
-108
84
97
-19
75
-94
-120
-7
-18
-47
99
5
105
1
25
-41
92
-29
-12
-9
-18
19
-18
124
68
-94
30
-74
-94
91
-98
-65
-59
-121
-32
21
82
9
-78
-124
116
68
57
-32
-77
17
-90
-55
-33
-114
123
18
-85
-25
-72
-93
14
24
9
-2
-77
88
10
-69
-2
-73
48
-109
-118
23
-87
-42
9
-87
-86
117
-22
82
-67
-32
60
-24
14
101
-77
3
-59
-10
-71
-46
-1
75
-9
81
-13
-15
-45
-84
64
-92
-108
-83
122
-1
113
-102
-122
-104
-90
-24
40
-79
21
103
49
108
126
32
-58
19
9
-54
-49
-80
-109
-84
-41
78
89
95
111
-109
-72
-87
49
61
-13
71
-48
40
-118
-55
-33
-108
114
103
86
-42
25
-89
-54
-10
52
55
-29
124
-90
72
-48
-77
8
98
115
5
-78
75
-100
92
29
-50
-108
-119
42
32
-46
0
-88
124
-82
-44
-23
0
23
73
-86
-20
27
-80
43
-11
100
68
-120
40
40
90
-113
-116
43
5
-76
124
-72
-34
-29
-87
-44
-22
35
-43
-11
-125
-111
-1
11
-49
-22
-104
-93
49
-44
-87
103
-44
-120
103
107
-1
125
99
-40
26
114
69
-32
116
-88
-10
102
13
83
-123
94
52
-56
37
-26
-94
103
52
-59
71
-47
-18
-58
37
-95
112
-7
-61
-74
56
-28
18
-7
0
